#Layer_Color=32768
#
#Feature symbol names
#
$0 r0.5

#
#Feature attribute names
#

#
#Layer features
#
L 0.4902085 0.5608449 0.4902085 0.5647819 0 P 0
L 0.4902085 0.5608449 0.4906023 0.5608449 0 P 0
L 0.4902085 0.5647819 0.4906022 0.5647819 0 P 0
L 0.4902085 0.5765929 0.4902085 0.5813173 0 P 0
L 0.4902085 0.5765929 0.4906022 0.5765929 0 P 0
L 0.4902085 0.5813173 0.4906022 0.5813173 0 P 0
L 0.4902085 0.5897819 0.4902085 0.5929315 0 P 0
L 0.4902085 0.5897819 0.4906022 0.5897819 0 P 0
L 0.4902085 0.5929315 0.4906022 0.5929315 0 P 0
L 0.4902085 0.6013961 0.4902085 0.6061205 0 P 0
L 0.4902085 0.6013961 0.4906022 0.6013961 0 P 0
L 0.4902085 0.6061205 0.4906022 0.6061205 0 P 0
L 0.4902085 0.6179315 0.4902085 0.623837 0 P 0
L 0.4902085 0.6179315 0.4906022 0.6179315 0 P 0
L 0.4902085 0.623837 0.4906022 0.623837 0 P 0
L 0.4902085 0.6376166 0.4902085 0.6415536 0 P 0
L 0.4902085 0.6376166 0.4906022 0.6376166 0 P 0
L 0.4902085 0.6415536 0.4906022 0.6415536 0 P 0
L 0.4906022 0.5647819 0.4906023 0.5608449 0 P 0
L 0.4906022 0.5765929 0.4906022 0.5813173 0 P 0
L 0.4906022 0.5897819 0.4906022 0.5929315 0 P 0
L 0.4906022 0.6013961 0.4906022 0.6061205 0 P 0
L 0.4906022 0.6179315 0.4906022 0.623837 0 P 0
L 0.4906022 0.6376166 0.4906022 0.6415536 0 P 0
L 0.4951298 0.6480496 0.4951298 0.6484433 0 P 0
L 0.4951298 0.6480496 0.4990668 0.6480496 0 P 0
L 0.4951298 0.6484433 0.4990668 0.6484433 0 P 0
L 0.4990668 0.6480496 0.4990668 0.6484433 0 P 0
L 0.5128463 0.6480496 0.5128463 0.6484433 0 P 0
L 0.5128463 0.6480496 0.5175707 0.6480496 0 P 0
L 0.5128463 0.6484433 0.5175707 0.6484433 0 P 0
L 0.5175707 0.6480496 0.5175707 0.6484433 0 P 0
L 0.5260353 0.6480496 0.5260353 0.6484433 0 P 0
L 0.5260353 0.6480496 0.5291849 0.6480496 0 P 0
L 0.5260353 0.6484433 0.5291849 0.6484433 0 P 0
L 0.5291849 0.6480496 0.5291849 0.6484433 0 P 0
L 0.5376495 0.6480496 0.5376495 0.6484433 0 P 0
L 0.5376495 0.6480496 0.5423739 0.6480496 0 P 0
L 0.5376495 0.6484433 0.5423739 0.6484433 0 P 0
L 0.5423739 0.6480496 0.5423739 0.6484433 0 P 0
L 0.5541849 0.6480496 0.5541849 0.6484433 0 P 0
L 0.5541849 0.6480496 0.5600904 0.6480496 0 P 0
L 0.5541849 0.6484433 0.5600904 0.6484433 0 P 0
L 0.5600904 0.6480496 0.5600904 0.6484433 0 P 0
L 0.5758385 0.6480496 0.5758385 0.6484433 0 P 0
L 0.5758385 0.6480496 0.5797755 0.6480496 0 P 0
L 0.5758385 0.6484433 0.5797755 0.6484433 0 P 0
L 0.5797755 0.6480496 0.5797755 0.6484433 0 P 0
L 0.584303 0.5608449 0.584303 0.5647819 0 P 0
L 0.584303 0.5608449 0.5846967 0.5608449 0 P 0
L 0.584303 0.5647819 0.5846967 0.5647819 0 P 0
L 0.584303 0.5785615 0.584303 0.584467 0 P 0
L 0.584303 0.5785615 0.5846967 0.5785615 0 P 0
L 0.584303 0.584467 0.5846967 0.584467 0 P 0
L 0.584303 0.596278 0.584303 0.6010024 0 P 0
L 0.584303 0.596278 0.5846967 0.596278 0 P 0
L 0.584303 0.6010024 0.5846967 0.6010024 0 P 0
L 0.584303 0.609467 0.584303 0.6126166 0 P 0
L 0.584303 0.609467 0.5846967 0.609467 0 P 0
L 0.584303 0.6126166 0.5846967 0.6126166 0 P 0
L 0.584303 0.6210811 0.584303 0.6258055 0 P 0
L 0.584303 0.6210811 0.5846967 0.6210811 0 P 0
L 0.584303 0.6258055 0.5846967 0.6258055 0 P 0
L 0.584303 0.6376166 0.584303 0.6415536 0 P 0
L 0.584303 0.6376166 0.5846967 0.6376166 0 P 0
L 0.584303 0.6415536 0.5846967 0.6415536 0 P 0
L 0.5846967 0.5608449 0.5846967 0.5647819 0 P 0
L 0.5846967 0.5785615 0.5846967 0.584467 0 P 0
L 0.5846967 0.596278 0.5846967 0.6010024 0 P 0
L 0.5846967 0.609467 0.5846967 0.6126166 0 P 0
L 0.5846967 0.6210811 0.5846967 0.6258055 0 P 0
L 0.5846967 0.6376166 0.5846967 0.6415536 0 P 0
