#Layer_Color=16711935
#
#Feature symbol names
#
$0 r0.5

#
#Feature attribute names
#

#
#Layer features
#
L 0.4902044 0.6464715 0.5846926 0.6464715 0 P 0
L 0.4906022 0.6480496 0.584303 0.6480496 0 P 0
L 0.4921729 0.5775739 0.4921729 0.5854479 0 P 0
L 0.4921729 0.5775739 0.5000469 0.5775739 0 P 0
L 0.4921729 0.5854479 0.5000469 0.5854479 0 P 0
L 0.4921729 0.5972589 0.4921729 0.6051329 0 P 0
L 0.4921729 0.5972589 0.5000469 0.5972589 0 P 0
L 0.4921729 0.6051329 0.5000469 0.6051329 0 P 0
L 0.4921729 0.6169439 0.4921729 0.6248179 0 P 0
L 0.4921729 0.6169439 0.5000469 0.6169439 0 P 0
L 0.4921729 0.6248179 0.5000469 0.6248179 0 P 0
L 0.4941414 0.5657628 0.5020154 0.5657628 0 P 0
L 0.4941414 0.636629 0.4941414 0.644503 0 P 0
L 0.4941414 0.636629 0.5020154 0.636629 0 P 0
L 0.4941414 0.644503 0.5020154 0.644503 0 P 0
L 0.5000469 0.5775739 0.5000469 0.5854479 0 P 0
L 0.5000469 0.5972589 0.5000469 0.6051329 0 P 0
L 0.5000469 0.6169439 0.5000469 0.6248179 0 P 0
L 0.5020154 0.636629 0.5020154 0.644503 0 P 0
L 0.5098894 0.5736368 0.5098894 0.6208809 0 P 0
L 0.5098894 0.5736368 0.5650076 0.5736368 0 P 0
L 0.5098894 0.6208809 0.5177635 0.628755 0 P 0
L 0.5138265 0.5657628 0.5217005 0.5657628 0 P 0
L 0.5138265 0.636629 0.5138265 0.644503 0 P 0
L 0.5138265 0.636629 0.5217005 0.636629 0 P 0
L 0.5138265 0.644503 0.5217005 0.644503 0 P 0
L 0.5177635 0.628755 0.5650076 0.628755 0 P 0
L 0.5217005 0.636629 0.5217005 0.644503 0 P 0
L 0.5335115 0.5657628 0.5413855 0.5657628 0 P 0
L 0.5335115 0.636629 0.5335115 0.644503 0 P 0
L 0.5335115 0.636629 0.5413855 0.636629 0 P 0
L 0.5335115 0.644503 0.5413855 0.644503 0 P 0
L 0.5413855 0.636629 0.5413855 0.644503 0 P 0
L 0.5531965 0.5657628 0.5610705 0.5657628 0 P 0
L 0.5531965 0.636629 0.5531965 0.644503 0 P 0
L 0.5531965 0.636629 0.5610705 0.636629 0 P 0
L 0.5531965 0.644503 0.5610705 0.644503 0 P 0
L 0.5610705 0.636629 0.5610705 0.644503 0 P 0
L 0.5650076 0.5736368 0.5650076 0.628755 0 P 0
L 0.5728816 0.5657628 0.5807556 0.5657628 0 P 0
L 0.5728816 0.636629 0.5728816 0.644503 0 P 0
L 0.5728816 0.636629 0.5807556 0.636629 0 P 0
L 0.5728816 0.644503 0.5807556 0.644503 0 P 0
L 0.5748501 0.5775739 0.5748501 0.5854479 0 P 0
L 0.5748501 0.5775739 0.5827241 0.5775739 0 P 0
L 0.5748501 0.5854479 0.5827241 0.5854479 0 P 0
L 0.5748501 0.5972589 0.5748501 0.6051329 0 P 0
L 0.5748501 0.5972589 0.5827241 0.5972589 0 P 0
L 0.5748501 0.6051329 0.5827241 0.6051329 0 P 0
L 0.5748501 0.6169439 0.5748501 0.6248179 0 P 0
L 0.5748501 0.6169439 0.5827241 0.6169439 0 P 0
L 0.5748501 0.6248179 0.5827241 0.6248179 0 P 0
L 0.5807556 0.636629 0.5807556 0.644503 0 P 0
L 0.5827241 0.5775739 0.5827241 0.5854479 0 P 0
L 0.5827241 0.5972589 0.5827241 0.6051329 0 P 0
L 0.5827241 0.6169439 0.5827241 0.6248179 0 P 0
