#Layer_Color=16711935
#
#Feature symbol names
#
$0 r0.5

#
#Feature attribute names
#

#
#Layer features
#
L 0.5106375 0.5821998 0.5106375 0.5839715 0 P 0
L 0.5106375 0.5821998 0.5151454 0.5821998 0 P 0
L 0.5106375 0.5839715 0.5151454 0.5839715 0 P 0
L 0.5108343 0.5823967 0.5108343 0.5837746 0 P 0
L 0.5108343 0.5823967 0.5153422 0.5823967 0 P 0
L 0.5108343 0.5837746 0.5153422 0.5837746 0 P 0
L 0.5135509 0.5860581 0.5135509 0.5887746 0 P 0
L 0.5135509 0.5860581 0.5141611 0.5860581 0 P 0
L 0.5135509 0.5887746 0.5141611 0.5887746 0 P 0
L 0.5135509 0.5909794 0.5135509 0.5936959 0 P 0
L 0.5135509 0.5909794 0.5141611 0.5909794 0 P 0
L 0.5135509 0.5936959 0.5141611 0.5936959 0 P 0
L 0.5135509 0.5959006 0.5135509 0.5986172 0 P 0
L 0.5135509 0.5959006 0.5141611 0.5959006 0 P 0
L 0.5135509 0.5986172 0.5141611 0.5986172 0 P 0
L 0.5135509 0.6037746 0.5135509 0.6064912 0 P 0
L 0.5135509 0.6037746 0.5141611 0.6037746 0 P 0
L 0.5135509 0.6064912 0.5141611 0.6064912 0 P 0
L 0.5135509 0.6079479 0.5135509 0.610192 0 P 0
L 0.5135509 0.6079479 0.5141611 0.6079479 0 P 0
L 0.5135509 0.610192 0.5141611 0.610192 0 P 0
L 0.5135509 0.6116487 0.5135509 0.6143652 0 P 0
L 0.5135509 0.6116487 0.5141611 0.6116487 0 P 0
L 0.5135509 0.6143652 0.5141611 0.6143652 0 P 0
L 0.5135509 0.6165699 0.5135509 0.6192865 0 P 0
L 0.5135509 0.6165699 0.5141611 0.6165699 0 P 0
L 0.5135509 0.6192865 0.5141611 0.6192865 0 P 0
L 0.5135509 0.6214912 0.5135509 0.6242077 0 P 0
L 0.5135509 0.6214912 0.5141611 0.6214912 0 P 0
L 0.5135509 0.6242077 0.5141611 0.6242077 0 P 0
L 0.5138461 0.6000739 0.5138461 0.6023179 0 P 0
L 0.5138461 0.6000739 0.5141611 0.6000739 0 P 0
L 0.5138461 0.6023179 0.5141611 0.6023179 0 P 0
L 0.5141611 0.5860581 0.5141611 0.5887746 0 P 0
L 0.5141611 0.5909794 0.5141611 0.5936959 0 P 0
L 0.5141611 0.5959006 0.5141611 0.5986172 0 P 0
L 0.5141611 0.6000739 0.5141611 0.6010975 0 P 0
L 0.5141611 0.6010975 0.5151454 0.6010975 0 P 0
L 0.5141611 0.6012943 0.5141611 0.6023179 0 P 0
L 0.5141611 0.6012943 0.5151454 0.6012943 0 P 0
L 0.5141611 0.6037746 0.5141611 0.6064912 0 P 0
L 0.5141611 0.6079479 0.5141611 0.610192 0 P 0
L 0.5141611 0.6116487 0.5141611 0.6143652 0 P 0
L 0.5141611 0.6165699 0.5141611 0.6192865 0 P 0
L 0.5141611 0.6214912 0.5141611 0.6242077 0 P 0
L 0.5151454 0.5788928 0.5151454 0.5821998 0 P 0
L 0.5151454 0.5788928 0.5430783 0.5788928 0 P 0
L 0.5151454 0.5839715 0.5151454 0.6010975 0 P 0
L 0.5151454 0.6012943 0.5151454 0.6075935 0 P 0
L 0.5151454 0.6075935 0.5155094 0.6075935 0 P 0
L 0.5153422 0.5790896 0.5153422 0.5823967 0 P 0
L 0.5153422 0.5790896 0.5430783 0.5790896 0 P 0
L 0.5153422 0.5837746 0.5153422 0.6010975 0 P 0
L 0.5153422 0.6010975 0.5176335 0.6010975 0 P 0
L 0.5153422 0.6012943 0.5153422 0.6073967 0 P 0
L 0.5153422 0.6012943 0.5178304 0.6012943 0 P 0
L 0.5153422 0.6073967 0.5155094 0.6073967 0 P 0
L 0.5155094 0.6073967 0.5155284 0.6074005 0 P 0
L 0.5155094 0.6075935 0.5155284 0.6075898 0 P 0
L 0.5155284 0.6074005 0.5155463 0.6074079 0 P 0
L 0.5155284 0.6075898 0.5155463 0.6075823 0 P 0
L 0.5155463 0.6074079 0.5155624 0.6074187 0 P 0
L 0.5155463 0.6075823 0.5155624 0.6075716 0 P 0
L 0.5155624 0.6074187 0.5155761 0.6074324 0 P 0
L 0.5155624 0.6075716 0.5155761 0.6075579 0 P 0
L 0.5155761 0.6074324 0.5155869 0.6074485 0 P 0
L 0.5155761 0.6075579 0.5155869 0.6075417 0 P 0
L 0.5155869 0.6074485 0.5155943 0.6074664 0 P 0
L 0.5155869 0.6075417 0.5155943 0.6075238 0 P 0
L 0.5155943 0.6074664 0.5155981 0.6074854 0 P 0
L 0.5155943 0.6075238 0.5155981 0.6075048 0 P 0
L 0.5155981 0.6074854 0.5155981 0.6075048 0 P 0
L 0.5161631 0.5963534 0.5161631 0.5995896 0 P 0
L 0.5161631 0.5963534 0.5194308 0.5963534 0 P 0
L 0.5161631 0.5995896 0.5191394 0.5995896 0 P 0
L 0.5163619 0.5965502 0.5163619 0.5993928 0 P 0
L 0.5163619 0.5965502 0.5192339 0.5965502 0 P 0
L 0.5163619 0.5993928 0.5189426 0.5993928 0 P 0
L 0.5164564 0.5966447 0.5164564 0.5992983 0 P 0
L 0.5164564 0.5966447 0.5191394 0.5966447 0 P 0
L 0.5164564 0.5992983 0.5188481 0.5992983 0 P 0
L 0.5166532 0.5968416 0.5166532 0.5991014 0 P 0
L 0.5166532 0.5968416 0.5189426 0.5968416 0 P 0
L 0.5166532 0.5991014 0.5186513 0.5991014 0 P 0
L 0.5167477 0.5969361 0.5167477 0.5990069 0 P 0
L 0.5167477 0.5969361 0.5188481 0.5969361 0 P 0
L 0.5167477 0.5990069 0.5185568 0.5990069 0 P 0
L 0.5169446 0.5971329 0.5169446 0.5988101 0 P 0
L 0.5169446 0.5971329 0.5186513 0.5971329 0 P 0
L 0.5169446 0.5988101 0.5183599 0.5988101 0 P 0
L 0.5176296 0.5972274 0.5176296 0.5974321 0 P 0
L 0.5176296 0.5972274 0.5185568 0.5972274 0 P 0
L 0.5176296 0.5974321 0.5178343 0.5974321 0 P 0
L 0.5176335 0.5996841 0.5176335 0.6010975 0 P 0
L 0.5176335 0.5996841 0.5192339 0.5996841 0 P 0
L 0.5178304 0.5998809 0.5178304 0.6012943 0 P 0
L 0.5178304 0.5998809 0.5194308 0.5998809 0 P 0
L 0.5178343 0.5974242 0.5178343 0.5974321 0 P 0
L 0.5178343 0.5974242 0.5183599 0.5974242 0 P 0
L 0.5183599 0.5974242 0.5183599 0.5988101 0 P 0
L 0.5185568 0.5972274 0.5185568 0.5990069 0 P 0
L 0.5186513 0.5971329 0.5186513 0.5991014 0 P 0
L 0.5188481 0.5969361 0.5188481 0.5992983 0 P 0
L 0.5189426 0.5968416 0.5189426 0.5993928 0 P 0
L 0.5191394 0.5966447 0.5191394 0.5995896 0 P 0
L 0.5192339 0.5965502 0.5192339 0.5996841 0 P 0
L 0.5194308 0.5963534 0.5194308 0.5998809 0 P 0
L 0.5430783 0.5788928 0.5430973 0.5788965 0 P 0
L 0.5430783 0.5790896 0.5430973 0.5790858 0 P 0
L 0.5430973 0.5788965 0.5431152 0.578904 0 P 0
L 0.5430973 0.5790858 0.5431152 0.5790784 0 P 0
L 0.5431152 0.578904 0.5431313 0.5789147 0 P 0
L 0.5431152 0.5790784 0.5431313 0.5790676 0 P 0
L 0.5431313 0.5789147 0.543145 0.5789284 0 P 0
L 0.5431313 0.5790676 0.543145 0.5790539 0 P 0
L 0.543145 0.5789284 0.5431558 0.5789446 0 P 0
L 0.543145 0.5790539 0.5431558 0.5790378 0 P 0
L 0.5431558 0.5789446 0.5431632 0.5789625 0 P 0
L 0.5431558 0.5790378 0.5431632 0.5790199 0 P 0
L 0.5431632 0.5789625 0.543167 0.5789815 0 P 0
L 0.5431632 0.5790199 0.543167 0.5790009 0 P 0
L 0.543167 0.5789815 0.543167 0.5790009 0 P 0
L 0.5550725 0.591629 0.5550725 0.5951565 0 P 0
L 0.5550725 0.591629 0.5583402 0.591629 0 P 0
L 0.5550725 0.5951565 0.5566729 0.5951565 0 P 0
L 0.5552694 0.5918258 0.5552694 0.5949597 0 P 0
L 0.5552694 0.5918258 0.5581414 0.5918258 0 P 0
L 0.5552694 0.5949597 0.5568698 0.5949597 0 P 0
L 0.5553639 0.5919203 0.5553639 0.5948652 0 P 0
L 0.5553639 0.5919203 0.5580469 0.5919203 0 P 0
L 0.5553639 0.5948652 0.5583402 0.5948652 0 P 0
L 0.5555607 0.5921172 0.5555607 0.5946683 0 P 0
L 0.5555607 0.5921172 0.5578501 0.5921172 0 P 0
L 0.5555607 0.5946683 0.5581414 0.5946683 0 P 0
L 0.5556375 0.6233022 0.5556375 0.6250739 0 P 0
L 0.5556375 0.6233022 0.5576157 0.6233022 0 P 0
L 0.5556375 0.6250739 0.55798 0.6250739 0 P 0
L 0.5556552 0.5922116 0.5556552 0.5945739 0 P 0
L 0.5556552 0.5922116 0.5577556 0.5922116 0 P 0
L 0.5556552 0.5945739 0.5580469 0.5945739 0 P 0
L 0.5556572 0.6261368 0.5556572 0.627692 0 P 0
L 0.5556572 0.6261368 0.55798 0.6261368 0 P 0
L 0.5556572 0.627692 0.5597516 0.627692 0 P 0
L 0.5558343 0.623499 0.5558343 0.624877 0 P 0
L 0.5558343 0.623499 0.5576157 0.623499 0 P 0
L 0.5558343 0.624877 0.5581768 0.624877 0 P 0
L 0.555852 0.5924085 0.555852 0.594377 0 P 0
L 0.555852 0.5924085 0.5575587 0.5924085 0 P 0
L 0.555852 0.594377 0.5578501 0.594377 0 P 0
L 0.555854 0.6263337 0.555854 0.6274951 0 P 0
L 0.555854 0.6263337 0.5581768 0.6263337 0 P 0
L 0.555854 0.6274951 0.5595548 0.6274951 0 P 0
L 0.5559465 0.592503 0.5559465 0.5942825 0 P 0
L 0.5559465 0.592503 0.5568737 0.592503 0 P 0
L 0.5559465 0.5942825 0.5577556 0.5942825 0 P 0
L 0.5561434 0.5926998 0.5561434 0.5940857 0 P 0
L 0.5561434 0.5926998 0.556669 0.5926998 0 P 0
L 0.5561434 0.5940857 0.5575587 0.5940857 0 P 0
L 0.556669 0.5926998 0.556669 0.5927077 0 P 0
L 0.556669 0.5927077 0.5568737 0.5927077 0 P 0
L 0.5566729 0.5951565 0.5566729 0.5961762 0 P 0
L 0.5566729 0.5961762 0.5595548 0.5961762 0 P 0
L 0.5568698 0.5949597 0.5568698 0.5959794 0 P 0
L 0.5568698 0.5959794 0.5597516 0.5959794 0 P 0
L 0.5568737 0.592503 0.5568737 0.5927077 0 P 0
L 0.5575587 0.5924085 0.5575587 0.5940857 0 P 0
L 0.5576157 0.6233022 0.5576347 0.623306 0 P 0
L 0.5576157 0.623499 0.5576347 0.6234953 0 P 0
L 0.5576347 0.623306 0.5576526 0.6233134 0 P 0
L 0.5576347 0.6234953 0.5576526 0.6234878 0 P 0
L 0.5576526 0.6233134 0.5576687 0.6233242 0 P 0
L 0.5576526 0.6234878 0.5576687 0.6234771 0 P 0
L 0.5576687 0.6233242 0.5576824 0.6233379 0 P 0
L 0.5576687 0.6234771 0.5576824 0.6234634 0 P 0
L 0.5576824 0.6233379 0.5576932 0.623354 0 P 0
L 0.5576824 0.6234634 0.5576932 0.6234472 0 P 0
L 0.5576932 0.623354 0.5577006 0.6233719 0 P 0
L 0.5576932 0.6234472 0.5577006 0.6234293 0 P 0
L 0.5577006 0.6233719 0.5577044 0.6233909 0 P 0
L 0.5577006 0.6234293 0.5577044 0.6234103 0 P 0
L 0.5577044 0.6233909 0.5577044 0.6234103 0 P 0
L 0.5577556 0.5922116 0.5577556 0.5942825 0 P 0
L 0.5578501 0.5921172 0.5578501 0.594377 0 P 0
L 0.55798 0.6250739 0.55798 0.6261368 0 P 0
L 0.5580469 0.5919203 0.5580469 0.5945739 0 P 0
L 0.5581414 0.5918258 0.5581414 0.5946683 0 P 0
L 0.5581768 0.624877 0.5581768 0.6263337 0 P 0
L 0.5583402 0.591629 0.5583402 0.5948652 0 P 0
L 0.5590627 0.6010975 0.5590627 0.6012943 0 P 0
L 0.5590627 0.6010975 0.5595548 0.6010975 0 P 0
L 0.5590627 0.6012943 0.5595548 0.6012943 0 P 0
L 0.5595548 0.5961762 0.5595548 0.6010975 0 P 0
L 0.5595548 0.6012943 0.5595548 0.6190109 0 P 0
L 0.5595548 0.6190109 0.5640627 0.6190109 0 P 0
L 0.5595548 0.6203888 0.5595548 0.6221605 0 P 0
L 0.5595548 0.6203888 0.5640627 0.6203888 0 P 0
L 0.5595548 0.6221605 0.5640627 0.6221605 0 P 0
L 0.5595548 0.6235384 0.5595548 0.6274951 0 P 0
L 0.5595548 0.6235384 0.5640627 0.6235384 0 P 0
L 0.5597516 0.5959794 0.5597516 0.6010975 0 P 0
L 0.5597516 0.6010975 0.5607359 0.6010975 0 P 0
L 0.5597516 0.6012943 0.5597516 0.618814 0 P 0
L 0.5597516 0.6012943 0.5607359 0.6012943 0 P 0
L 0.5597516 0.618814 0.5642595 0.618814 0 P 0
L 0.5597516 0.6205857 0.5597516 0.6219636 0 P 0
L 0.5597516 0.6205857 0.5642595 0.6205857 0 P 0
L 0.5597516 0.6219636 0.5642595 0.6219636 0 P 0
L 0.5597516 0.6237353 0.5597516 0.627692 0 P 0
L 0.5597516 0.6237353 0.5642595 0.6237353 0 P 0
L 0.5607359 0.5860581 0.5607359 0.5887746 0 P 0
L 0.5607359 0.5860581 0.5613461 0.5860581 0 P 0
L 0.5607359 0.5887746 0.5613461 0.5887746 0 P 0
L 0.5607359 0.5909794 0.5607359 0.5936959 0 P 0
L 0.5607359 0.5909794 0.5613461 0.5909794 0 P 0
L 0.5607359 0.5936959 0.5613461 0.5936959 0 P 0
L 0.5607359 0.5959006 0.5607359 0.5986172 0 P 0
L 0.5607359 0.5959006 0.5613461 0.5959006 0 P 0
L 0.5607359 0.5986172 0.5613461 0.5986172 0 P 0
L 0.5607359 0.6000739 0.5607359 0.6010975 0 P 0
L 0.5607359 0.6000739 0.56098 0.6000739 0 P 0
L 0.5607359 0.6012943 0.5607359 0.6023179 0 P 0
L 0.5607359 0.6023179 0.56098 0.6023179 0 P 0
L 0.5607359 0.6037746 0.5607359 0.6064912 0 P 0
L 0.5607359 0.6037746 0.5613461 0.6037746 0 P 0
L 0.5607359 0.6064912 0.5613461 0.6064912 0 P 0
L 0.5607359 0.6079479 0.5607359 0.610192 0 P 0
L 0.5607359 0.6079479 0.5613461 0.6079479 0 P 0
L 0.5607359 0.610192 0.5613461 0.610192 0 P 0
L 0.5607359 0.6116487 0.5607359 0.6143652 0 P 0
L 0.5607359 0.6116487 0.5613461 0.6116487 0 P 0
L 0.5607359 0.6143652 0.5613461 0.6143652 0 P 0
L 0.56098 0.6000739 0.56098 0.6023179 0 P 0
L 0.5613461 0.5860581 0.5613461 0.5887746 0 P 0
L 0.5613461 0.5909794 0.5613461 0.5936959 0 P 0
L 0.5613461 0.5959006 0.5613461 0.5986172 0 P 0
L 0.5613461 0.6037746 0.5613461 0.6064912 0 P 0
L 0.5613461 0.6079479 0.5613461 0.610192 0 P 0
L 0.5613461 0.6116487 0.5613461 0.6143652 0 P 0
L 0.5640627 0.6190109 0.5640627 0.6203888 0 P 0
L 0.5640627 0.6221605 0.5640627 0.6235384 0 P 0
L 0.5642595 0.618814 0.5642595 0.6205857 0 P 0
L 0.5642595 0.6219636 0.5642595 0.6237353 0 P 0
