#Layer_Color=32768
#
#Feature symbol names
#
$0 r0.5

#
#Feature attribute names
#

#
#Layer features
#
L 0.5111887 0.5865069 0.5111887 0.5883258 0 P 0
L 0.5111887 0.5865069 0.5112615 0.5862865 0 P 0
L 0.5111887 0.5883258 0.5112615 0.5885463 0 P 0
L 0.5111887 0.5914282 0.5111887 0.5932471 0 P 0
L 0.5111887 0.5914282 0.5112615 0.5912077 0 P 0
L 0.5111887 0.5932471 0.5112615 0.5934676 0 P 0
L 0.5111887 0.5963494 0.5111887 0.5981683 0 P 0
L 0.5111887 0.5963494 0.5112615 0.596129 0 P 0
L 0.5111887 0.5981683 0.5112615 0.5983888 0 P 0
L 0.5111887 0.6005227 0.5111887 0.6018691 0 P 0
L 0.5111887 0.6005227 0.5112615 0.6003022 0 P 0
L 0.5111887 0.6018691 0.5112615 0.6020896 0 P 0
L 0.5111887 0.6042235 0.5111887 0.6060424 0 P 0
L 0.5111887 0.6042235 0.5112615 0.604003 0 P 0
L 0.5111887 0.6060424 0.5112615 0.6062628 0 P 0
L 0.5111887 0.6083967 0.5111887 0.6097431 0 P 0
L 0.5111887 0.6083967 0.5112615 0.6081762 0 P 0
L 0.5111887 0.6097431 0.5112615 0.6099636 0 P 0
L 0.5111887 0.6120975 0.5111887 0.6139164 0 P 0
L 0.5111887 0.6120975 0.5112615 0.611877 0 P 0
L 0.5111887 0.6139164 0.5112615 0.6141368 0 P 0
L 0.5111887 0.6170187 0.5111887 0.6188376 0 P 0
L 0.5111887 0.6170187 0.5112615 0.6167983 0 P 0
L 0.5111887 0.6188376 0.5112615 0.6190581 0 P 0
L 0.5111887 0.62194 0.5111887 0.6237589 0 P 0
L 0.5111887 0.62194 0.5112615 0.6217195 0 P 0
L 0.5111887 0.6237589 0.5112615 0.6239794 0 P 0
L 0.5112615 0.5862865 0.5114367 0.5861113 0 P 0
L 0.5112615 0.5885463 0.5114367 0.5887215 0 P 0
L 0.5112615 0.5912077 0.5114367 0.5910325 0 P 0
L 0.5112615 0.5934676 0.5114367 0.5936428 0 P 0
L 0.5112615 0.596129 0.5114367 0.5959538 0 P 0
L 0.5112615 0.5983888 0.5114367 0.598564 0 P 0
L 0.5112615 0.6003022 0.5114367 0.600127 0 P 0
L 0.5112615 0.6020896 0.5114367 0.6022648 0 P 0
L 0.5112615 0.604003 0.5114367 0.6038278 0 P 0
L 0.5112615 0.6062628 0.5114367 0.606438 0 P 0
L 0.5112615 0.6081762 0.5114367 0.608001 0 P 0
L 0.5112615 0.6099636 0.5114367 0.6101388 0 P 0
L 0.5112615 0.611877 0.5114367 0.6117018 0 P 0
L 0.5112615 0.6141368 0.5114367 0.614312 0 P 0
L 0.5112615 0.6167983 0.5114367 0.6166231 0 P 0
L 0.5112615 0.6190581 0.5114367 0.6192333 0 P 0
L 0.5112615 0.6217195 0.5114367 0.6215443 0 P 0
L 0.5112615 0.6239794 0.5114367 0.6241546 0 P 0
L 0.5114367 0.5861113 0.5116572 0.5860384 0 P 0
L 0.5114367 0.5887215 0.5116572 0.5887943 0 P 0
L 0.5114367 0.5910325 0.5116572 0.5909597 0 P 0
L 0.5114367 0.5936428 0.5116572 0.5937156 0 P 0
L 0.5114367 0.5959538 0.5116572 0.5958809 0 P 0
L 0.5114367 0.598564 0.5116572 0.5986368 0 P 0
L 0.5114367 0.600127 0.5116572 0.6000542 0 P 0
L 0.5114367 0.6022648 0.5116572 0.6023376 0 P 0
L 0.5114367 0.6038278 0.5116572 0.603755 0 P 0
L 0.5114367 0.606438 0.5116572 0.6065109 0 P 0
L 0.5114367 0.608001 0.5116572 0.6079282 0 P 0
L 0.5114367 0.6101388 0.5116572 0.6102116 0 P 0
L 0.5114367 0.6117018 0.5116572 0.611629 0 P 0
L 0.5114367 0.614312 0.5116572 0.6143849 0 P 0
L 0.5114367 0.6166231 0.5116572 0.6165502 0 P 0
L 0.5114367 0.6192333 0.5116572 0.6193061 0 P 0
L 0.5114367 0.6215443 0.5116572 0.6214715 0 P 0
L 0.5114367 0.6241546 0.5116572 0.6242274 0 P 0
L 0.5116572 0.5860384 0.5137123 0.5860384 0 P 0
L 0.5116572 0.5887943 0.5137123 0.5887943 0 P 0
L 0.5116572 0.5909597 0.5137123 0.5909597 0 P 0
L 0.5116572 0.5937156 0.5137123 0.5937156 0 P 0
L 0.5116572 0.5958809 0.5137123 0.5958809 0 P 0
L 0.5116572 0.5986368 0.5137123 0.5986368 0 P 0
L 0.5116572 0.6000542 0.5137123 0.6000542 0 P 0
L 0.5116572 0.6023376 0.5137123 0.6023376 0 P 0
L 0.5116572 0.603755 0.5137123 0.603755 0 P 0
L 0.5116572 0.6065109 0.5137123 0.6065109 0 P 0
L 0.5116572 0.6079282 0.5137123 0.6079282 0 P 0
L 0.5116572 0.6102116 0.5137123 0.6102116 0 P 0
L 0.5116572 0.611629 0.5137123 0.611629 0 P 0
L 0.5116572 0.6143849 0.5137123 0.6143849 0 P 0
L 0.5116572 0.6165502 0.5137123 0.6165502 0 P 0
L 0.5116572 0.6193061 0.5137123 0.6193061 0 P 0
L 0.5116572 0.6214715 0.5137123 0.6214715 0 P 0
L 0.5116572 0.6242274 0.5137123 0.6242274 0 P 0
L 0.5137123 0.5860384 0.5139328 0.5861113 0 P 0
L 0.5137123 0.5887943 0.5139328 0.5887215 0 P 0
L 0.5137123 0.5909597 0.5139328 0.5910325 0 P 0
L 0.5137123 0.5937156 0.5139328 0.5936428 0 P 0
L 0.5137123 0.5958809 0.5139328 0.5959538 0 P 0
L 0.5137123 0.5986368 0.5139328 0.598564 0 P 0
L 0.5137123 0.6000542 0.5139328 0.600127 0 P 0
L 0.5137123 0.6023376 0.5139328 0.6022648 0 P 0
L 0.5137123 0.603755 0.5139328 0.6038278 0 P 0
L 0.5137123 0.6065109 0.5139328 0.606438 0 P 0
L 0.5137123 0.6079282 0.5139328 0.608001 0 P 0
L 0.5137123 0.6102116 0.5139328 0.6101388 0 P 0
L 0.5137123 0.611629 0.5139328 0.6117018 0 P 0
L 0.5137123 0.6143849 0.5139328 0.614312 0 P 0
L 0.5137123 0.6165502 0.5139328 0.6166231 0 P 0
L 0.5137123 0.6193061 0.5139328 0.6192333 0 P 0
L 0.5137123 0.6214715 0.5139328 0.6215443 0 P 0
L 0.5137123 0.6242274 0.5139328 0.6241546 0 P 0
L 0.5139328 0.5861113 0.5141079 0.5862865 0 P 0
L 0.5139328 0.5887215 0.5141079 0.5885463 0 P 0
L 0.5139328 0.5910325 0.5141079 0.5912077 0 P 0
L 0.5139328 0.5936428 0.5141079 0.5934676 0 P 0
L 0.5139328 0.5959538 0.5141079 0.596129 0 P 0
L 0.5139328 0.598564 0.5141079 0.5983888 0 P 0
L 0.5139328 0.600127 0.5141079 0.6003022 0 P 0
L 0.5139328 0.6022648 0.5141079 0.6020896 0 P 0
L 0.5139328 0.6038278 0.5141079 0.604003 0 P 0
L 0.5139328 0.606438 0.5141079 0.6062628 0 P 0
L 0.5139328 0.608001 0.5141079 0.6081762 0 P 0
L 0.5139328 0.6101388 0.5141079 0.6099636 0 P 0
L 0.5139328 0.6117018 0.5141079 0.611877 0 P 0
L 0.5139328 0.614312 0.5141079 0.6141368 0 P 0
L 0.5139328 0.6166231 0.5141079 0.6167983 0 P 0
L 0.5139328 0.6192333 0.5141079 0.6190581 0 P 0
L 0.5139328 0.6215443 0.5141079 0.6217195 0 P 0
L 0.5139328 0.6241546 0.5141079 0.6239794 0 P 0
L 0.5141079 0.5862865 0.5141808 0.5865069 0 P 0
L 0.5141079 0.5885463 0.5141808 0.5883258 0 P 0
L 0.5141079 0.5912077 0.5141808 0.5914282 0 P 0
L 0.5141079 0.5934676 0.5141808 0.5932471 0 P 0
L 0.5141079 0.596129 0.5141808 0.5963494 0 P 0
L 0.5141079 0.5983888 0.5141808 0.5981683 0 P 0
L 0.5141079 0.6003022 0.5141808 0.6005227 0 P 0
L 0.5141079 0.6020896 0.5141808 0.6018691 0 P 0
L 0.5141079 0.604003 0.5141808 0.6042235 0 P 0
L 0.5141079 0.6062628 0.5141808 0.6060424 0 P 0
L 0.5141079 0.6081762 0.5141808 0.6083967 0 P 0
L 0.5141079 0.6099636 0.5141808 0.6097431 0 P 0
L 0.5141079 0.611877 0.5141808 0.6120975 0 P 0
L 0.5141079 0.6141368 0.5141808 0.6139164 0 P 0
L 0.5141079 0.6167983 0.5141808 0.6170187 0 P 0
L 0.5141079 0.6190581 0.5141808 0.6188376 0 P 0
L 0.5141079 0.6217195 0.5141808 0.62194 0 P 0
L 0.5141079 0.6239794 0.5141808 0.6237589 0 P 0
L 0.5141808 0.5865069 0.5141808 0.5883258 0 P 0
L 0.5141808 0.5914282 0.5141808 0.5932471 0 P 0
L 0.5141808 0.5963494 0.5141808 0.5981683 0 P 0
L 0.5141808 0.6005227 0.5141808 0.6018691 0 P 0
L 0.5141808 0.6042235 0.5141808 0.6060424 0 P 0
L 0.5141808 0.6083967 0.5141808 0.6097431 0 P 0
L 0.5141808 0.6120975 0.5141808 0.6139164 0 P 0
L 0.5141808 0.6170187 0.5141808 0.6188376 0 P 0
L 0.5141808 0.62194 0.5141808 0.6237589 0 P 0
L 0.5607162 0.5865069 0.5607162 0.5883258 0 P 0
L 0.5607162 0.5865069 0.5607891 0.5862865 0 P 0
L 0.5607162 0.5883258 0.5607891 0.5885463 0 P 0
L 0.5607162 0.5914282 0.5607162 0.5932471 0 P 0
L 0.5607162 0.5914282 0.5607891 0.5912077 0 P 0
L 0.5607162 0.5932471 0.5607891 0.5934676 0 P 0
L 0.5607162 0.5963494 0.5607162 0.5981683 0 P 0
L 0.5607162 0.5963494 0.5607891 0.596129 0 P 0
L 0.5607162 0.5981683 0.5607891 0.5983888 0 P 0
L 0.5607162 0.6005227 0.5607162 0.6018691 0 P 0
L 0.5607162 0.6005227 0.5607891 0.6003022 0 P 0
L 0.5607162 0.6018691 0.5607891 0.6020896 0 P 0
L 0.5607162 0.6042235 0.5607162 0.6060424 0 P 0
L 0.5607162 0.6042235 0.5607891 0.604003 0 P 0
L 0.5607162 0.6060424 0.5607891 0.6062628 0 P 0
L 0.5607162 0.6083967 0.5607162 0.6097431 0 P 0
L 0.5607162 0.6083967 0.5607891 0.6081762 0 P 0
L 0.5607162 0.6097431 0.5607891 0.6099636 0 P 0
L 0.5607162 0.6120975 0.5607162 0.6139164 0 P 0
L 0.5607162 0.6120975 0.5607891 0.611877 0 P 0
L 0.5607162 0.6139164 0.5607891 0.6141368 0 P 0
L 0.5607891 0.5862865 0.5609642 0.5861113 0 P 0
L 0.5607891 0.5885463 0.5609642 0.5887215 0 P 0
L 0.5607891 0.5912077 0.5609642 0.5910325 0 P 0
L 0.5607891 0.5934676 0.5609642 0.5936428 0 P 0
L 0.5607891 0.596129 0.5609642 0.5959538 0 P 0
L 0.5607891 0.5983888 0.5609642 0.598564 0 P 0
L 0.5607891 0.6003022 0.5609642 0.600127 0 P 0
L 0.5607891 0.6020896 0.5609642 0.6022648 0 P 0
L 0.5607891 0.604003 0.5609642 0.6038278 0 P 0
L 0.5607891 0.6062628 0.5609642 0.606438 0 P 0
L 0.5607891 0.6081762 0.5609642 0.608001 0 P 0
L 0.5607891 0.6099636 0.5609642 0.6101388 0 P 0
L 0.5607891 0.611877 0.5609642 0.6117018 0 P 0
L 0.5607891 0.6141368 0.5609642 0.614312 0 P 0
L 0.5609642 0.5861113 0.5611847 0.5860384 0 P 0
L 0.5609642 0.5887215 0.5611847 0.5887943 0 P 0
L 0.5609642 0.5910325 0.5611847 0.5909597 0 P 0
L 0.5609642 0.5936428 0.5611847 0.5937156 0 P 0
L 0.5609642 0.5959538 0.5611847 0.5958809 0 P 0
L 0.5609642 0.598564 0.5611847 0.5986368 0 P 0
L 0.5609642 0.600127 0.5611847 0.6000542 0 P 0
L 0.5609642 0.6022648 0.5611847 0.6023376 0 P 0
L 0.5609642 0.6038278 0.5611847 0.603755 0 P 0
L 0.5609642 0.606438 0.5611847 0.6065109 0 P 0
L 0.5609642 0.608001 0.5611847 0.6079282 0 P 0
L 0.5609642 0.6101388 0.5611847 0.6102116 0 P 0
L 0.5609642 0.6117018 0.5611847 0.611629 0 P 0
L 0.5609642 0.614312 0.5611847 0.6143849 0 P 0
L 0.5611847 0.5860384 0.5632398 0.5860384 0 P 0
L 0.5611847 0.5887943 0.5632398 0.5887943 0 P 0
L 0.5611847 0.5909597 0.5632398 0.5909597 0 P 0
L 0.5611847 0.5937156 0.5632398 0.5937156 0 P 0
L 0.5611847 0.5958809 0.5632398 0.5958809 0 P 0
L 0.5611847 0.5986368 0.5632398 0.5986368 0 P 0
L 0.5611847 0.6000542 0.5632398 0.6000542 0 P 0
L 0.5611847 0.6023376 0.5632398 0.6023376 0 P 0
L 0.5611847 0.603755 0.5632398 0.603755 0 P 0
L 0.5611847 0.6065109 0.5632398 0.6065109 0 P 0
L 0.5611847 0.6079282 0.5632398 0.6079282 0 P 0
L 0.5611847 0.6102116 0.5632398 0.6102116 0 P 0
L 0.5611847 0.611629 0.5632398 0.611629 0 P 0
L 0.5611847 0.6143849 0.5632398 0.6143849 0 P 0
L 0.5632398 0.5860384 0.5634603 0.5861113 0 P 0
L 0.5632398 0.5887943 0.5634603 0.5887215 0 P 0
L 0.5632398 0.5909597 0.5634603 0.5910325 0 P 0
L 0.5632398 0.5937156 0.5634603 0.5936428 0 P 0
L 0.5632398 0.5958809 0.5634603 0.5959538 0 P 0
L 0.5632398 0.5986368 0.5634603 0.598564 0 P 0
L 0.5632398 0.6000542 0.5634603 0.600127 0 P 0
L 0.5632398 0.6023376 0.5634603 0.6022648 0 P 0
L 0.5632398 0.603755 0.5634603 0.6038278 0 P 0
L 0.5632398 0.6065109 0.5634603 0.606438 0 P 0
L 0.5632398 0.6079282 0.5634603 0.608001 0 P 0
L 0.5632398 0.6102116 0.5634603 0.6101388 0 P 0
L 0.5632398 0.611629 0.5634603 0.6117018 0 P 0
L 0.5632398 0.6143849 0.5634603 0.614312 0 P 0
L 0.5634603 0.5861113 0.5636355 0.5862865 0 P 0
L 0.5634603 0.5887215 0.5636355 0.5885463 0 P 0
L 0.5634603 0.5910325 0.5636355 0.5912077 0 P 0
L 0.5634603 0.5936428 0.5636355 0.5934676 0 P 0
L 0.5634603 0.5959538 0.5636355 0.596129 0 P 0
L 0.5634603 0.598564 0.5636355 0.5983888 0 P 0
L 0.5634603 0.600127 0.5636355 0.6003022 0 P 0
L 0.5634603 0.6022648 0.5636355 0.6020896 0 P 0
L 0.5634603 0.6038278 0.5636355 0.604003 0 P 0
L 0.5634603 0.606438 0.5636355 0.6062628 0 P 0
L 0.5634603 0.608001 0.5636355 0.6081762 0 P 0
L 0.5634603 0.6101388 0.5636355 0.6099636 0 P 0
L 0.5634603 0.6117018 0.5636355 0.611877 0 P 0
L 0.5634603 0.614312 0.5636355 0.6141368 0 P 0
L 0.5636355 0.5862865 0.5637083 0.5865069 0 P 0
L 0.5636355 0.5885463 0.5637083 0.5883258 0 P 0
L 0.5636355 0.5912077 0.5637083 0.5914282 0 P 0
L 0.5636355 0.5934676 0.5637083 0.5932471 0 P 0
L 0.5636355 0.596129 0.5637083 0.5963494 0 P 0
L 0.5636355 0.5983888 0.5637083 0.5981683 0 P 0
L 0.5636355 0.6003022 0.5637083 0.6005227 0 P 0
L 0.5636355 0.6020896 0.5637083 0.6018691 0 P 0
L 0.5636355 0.604003 0.5637083 0.6042235 0 P 0
L 0.5636355 0.6062628 0.5637083 0.6060424 0 P 0
L 0.5636355 0.6081762 0.5637083 0.6083967 0 P 0
L 0.5636355 0.6099636 0.5637083 0.6097431 0 P 0
L 0.5636355 0.611877 0.5637083 0.6120975 0 P 0
L 0.5636355 0.6141368 0.5637083 0.6139164 0 P 0
L 0.5637083 0.5865069 0.5637083 0.5883258 0 P 0
L 0.5637083 0.5914282 0.5637083 0.5932471 0 P 0
L 0.5637083 0.5963494 0.5637083 0.5981683 0 P 0
L 0.5637083 0.6005227 0.5637083 0.6018691 0 P 0
L 0.5637083 0.6042235 0.5637083 0.6060424 0 P 0
L 0.5637083 0.6083967 0.5637083 0.6097431 0 P 0
L 0.5637083 0.6120975 0.5637083 0.6139164 0 P 0
