#Layer_Color=16711935
#
#Feature symbol names
#
$0 r3.937

#
#Feature attribute names
#

#
#Layer features
#
A 0.5557131 1.3442314 0.5557131 1.3442314 0.5458706 1.3442314 0 P 0 N
A 0.5592288 1.7047444 0.5592288 1.7047444 0.5493863 1.7047444 0 P 0 N
A 1.2748371 0.5206827 1.2748371 0.5206827 1.2649946 0.5206827 0 P 0 N
A 1.2765607 1.0108021 1.2765607 1.0108021 1.2667182 1.0108021 0 P 0 N
A 1.6460792 0.6173228 1.6460792 0.6173228 1.6263942 0.6173228 0 P 0 N
A 1.6460792 1.6015748 1.6460792 1.6015748 1.6263942 1.6015748 0 P 0 N
L 0.0553077 0.1731417 0.0553077 0.1928267 0 P 0
L 0.0553077 0.1731417 0.0946777 0.1731417 0 P 0
L 0.0553077 0.1928267 0.0946777 0.1928267 0 P 0
L 0.0910651 0.2579901 0.0910651 0.3131081 0 P 0
L 0.0910651 0.2579901 0.1757091 0.2579901 0 P 0
L 0.0910651 0.3131081 0.1757091 0.3131081 0 P 0
L 0.0946777 0.1731417 0.0946777 0.1928267 0 P 0
L 0.1513077 0.1731417 0.1513077 0.1928267 0 P 0
L 0.1513077 0.1731417 0.1906777 0.1731417 0 P 0
L 0.1513077 0.1928267 0.1906777 0.1928267 0 P 0
L 0.1555204 0.37874 0.1555204 1.5543306 0 P 0
L 0.1555204 0.37874 0.9035518 0.37874 0 P 0
L 0.1555204 1.5543306 0.9035518 1.5543306 0 P 0
L 0.1657563 0.3877585 0.1657563 1.5436641 0 P 0
L 0.1657563 0.3877585 0.8941027 0.3877585 0 P 0
L 0.1657563 1.5436641 0.8941027 1.5436641 0 P 0
L 0.1757091 0.2579901 0.1757091 0.3131081 0 P 0
L 0.1906777 0.1731417 0.1906777 0.1928267 0 P 0
L 0.2473077 0.1731417 0.2473077 0.1928267 0 P 0
L 0.2473077 0.1731417 0.2866777 0.1731417 0 P 0
L 0.2473077 0.1928267 0.2866777 0.1928267 0 P 0
L 0.2866777 0.1731417 0.2866777 0.1928267 0 P 0
L 0.3095048 0.2436456 0.3095048 0.2830156 0 P 0
L 0.3095048 0.2436456 0.3291898 0.2436456 0 P 0
L 0.3095048 0.2830156 0.3291898 0.2830156 0 P 0
L 0.3291898 0.2436456 0.3291898 0.2830156 0 P 0
L 0.3433077 0.1731417 0.3433077 0.1928267 0 P 0
L 0.3433077 0.1731417 0.3826777 0.1731417 0 P 0
L 0.3433077 0.1928267 0.3826777 0.1928267 0 P 0
L 0.3519773 0.2631354 0.3519773 0.3182534 0 P 0
L 0.3519773 0.2631354 0.4366213 0.2631354 0 P 0
L 0.3519773 0.3182534 0.4366213 0.3182534 0 P 0
L 0.3669849 0.4455351 0.3669849 0.4652201 0 P 0
L 0.3669849 0.4455351 0.4063549 0.4455351 0 P 0
L 0.3669849 0.4652201 0.4063549 0.4652201 0 P 0
L 0.3671662 0.4827949 0.3671662 0.5024799 0 P 0
L 0.3671662 0.4827949 0.4065362 0.4827949 0 P 0
L 0.3671662 0.5024799 0.4065362 0.5024799 0 P 0
L 0.3671818 0.5196847 0.3671818 0.5393697 0 P 0
L 0.3671818 0.5196847 0.4065518 0.5196847 0 P 0
L 0.3671818 0.5393697 0.4065518 0.5393697 0 P 0
L 0.3826777 0.1731417 0.3826777 0.1928267 0 P 0
L 0.3861904 1.6502167 0.3861904 1.6895867 0 P 0
L 0.3861904 1.6502167 0.4058754 1.6502167 0 P 0
L 0.3861904 1.6895867 0.4058754 1.6895867 0 P 0
L 0.4058754 1.6502167 0.4058754 1.6895867 0 P 0
L 0.4063549 0.4455351 0.4063549 0.4652201 0 P 0
L 0.4065362 0.4827949 0.4065362 0.5024799 0 P 0
L 0.4065518 0.5196847 0.4065518 0.5393697 0 P 0
L 0.4245988 1.6498564 0.4245988 1.6892264 0 P 0
L 0.4245988 1.6498564 0.4442838 1.6498564 0 P 0
L 0.4245988 1.6892264 0.4442838 1.6892264 0 P 0
L 0.4366213 0.2631354 0.4366213 0.3182534 0 P 0
L 0.4383077 0.1731417 0.4383077 0.1928267 0 P 0
L 0.4383077 0.1731417 0.4776777 0.1731417 0 P 0
L 0.4383077 0.1928267 0.4776777 0.1928267 0 P 0
L 0.4442838 1.6498564 0.4442838 1.6892264 0 P 0
L 0.4583515 0.2527008 0.4583515 0.2920708 0 P 0
L 0.4583515 0.2527008 0.4780365 0.2527008 0 P 0
L 0.4583515 0.2920708 0.4780365 0.2920708 0 P 0
L 0.4608075 1.4081243 0.4608075 1.4278093 0 P 0
L 0.4608075 1.4081243 0.5001775 1.4081243 0 P 0
L 0.4608075 1.4278093 0.5001775 1.4278093 0 P 0
L 0.461249 1.4435946 0.461249 1.4632796 0 P 0
L 0.461249 1.4435946 0.500619 1.4435946 0 P 0
L 0.461249 1.4632796 0.500619 1.4632796 0 P 0
L 0.4687275 0.849075 0.4687275 0.86876 0 P 0
L 0.4687275 0.849075 0.5080975 0.849075 0 P 0
L 0.4687275 0.86876 0.5080975 0.86876 0 P 0
L 0.4695283 0.7252359 0.4695283 0.7449209 0 P 0
L 0.4695283 0.7252359 0.5088983 0.7252359 0 P 0
L 0.4695283 0.7449209 0.5088983 0.7449209 0 P 0
L 0.4703506 0.7876094 0.4703506 0.8072944 0 P 0
L 0.4703506 0.7876094 0.5097206 0.7876094 0 P 0
L 0.4703506 0.8072944 0.5097206 0.8072944 0 P 0
L 0.4776777 0.1731417 0.4776777 0.1928267 0 P 0
L 0.4780365 0.2527008 0.4780365 0.2920708 0 P 0
L 0.479335 1.1529153 0.479335 1.1726003 0 P 0
L 0.479335 1.1529153 0.518705 1.1529153 0 P 0
L 0.479335 1.1726003 0.518705 1.1726003 0 P 0
L 0.479335 1.1860255 0.479335 1.2057105 0 P 0
L 0.479335 1.1860255 0.518705 1.1860255 0 P 0
L 0.479335 1.2057105 0.518705 1.2057105 0 P 0
L 0.4814657 0.454268 0.4814657 0.473953 0 P 0
L 0.4814657 0.454268 0.5208357 0.454268 0 P 0
L 0.4814657 0.473953 0.5208357 0.473953 0 P 0
L 0.4828777 1.2812411 0.4828777 1.3599811 0 P 0
L 0.4828777 1.2812411 0.5616177 1.2812411 0 P 0
L 0.4828777 1.3599811 0.5616177 1.3599811 0 P 0
L 0.4842616 1.5897242 0.4842616 1.6094092 0 P 0
L 0.4842616 1.5897242 0.5236316 1.5897242 0 P 0
L 0.4842616 1.6094092 0.5236316 1.6094092 0 P 0
L 0.4863943 1.6417523 0.4863943 1.7204925 0 P 0
L 0.4863943 1.6417523 0.5651345 1.6417523 0 P 0
L 0.4863943 1.7204925 0.5651345 1.7204925 0 P 0
L 0.4901597 0.5539364 0.4901597 0.6484244 0 P 0
L 0.4901597 0.5539364 0.5846477 0.5539364 0 P 0
L 0.4901597 0.6484244 0.5846477 0.6484244 0 P 0
L 0.5001775 1.4081243 0.5001775 1.4278093 0 P 0
L 0.500619 1.4435946 0.500619 1.4632796 0 P 0
L 0.504902 0.9749171 0.504902 1.0142871 0 P 0
L 0.504902 0.9749171 0.524587 0.9749171 0 P 0
L 0.504902 1.0142871 0.524587 1.0142871 0 P 0
L 0.5080975 0.849075 0.5080975 0.86876 0 P 0
L 0.5088983 0.7252359 0.5088983 0.7449209 0 P 0
L 0.5095535 1.0818517 0.5095535 1.1212217 0 P 0
L 0.5095535 1.0818517 0.5292385 1.0818517 0 P 0
L 0.5095535 1.1212217 0.5292385 1.1212217 0 P 0
L 0.5097206 0.7876094 0.5097206 0.8072944 0 P 0
L 0.5168633 0.1731417 0.5168633 0.1928267 0 P 0
L 0.5168633 0.1731417 0.5562333 0.1731417 0 P 0
L 0.5168633 0.1928267 0.5562333 0.1928267 0 P 0
L 0.518705 1.1529153 0.518705 1.1726003 0 P 0
L 0.518705 1.1860255 0.518705 1.2057105 0 P 0
L 0.5208357 0.454268 0.5208357 0.473953 0 P 0
L 0.5236316 1.5897242 0.5236316 1.6094092 0 P 0
L 0.524587 0.9749171 0.524587 1.0142871 0 P 0
L 0.5292385 1.0818517 0.5292385 1.1212217 0 P 0
L 0.5343314 1.4402481 0.5343314 1.4599331 0 P 0
L 0.5343314 1.4402481 0.5737014 1.4402481 0 P 0
L 0.5343314 1.4599331 0.5737014 1.4599331 0 P 0
L 0.5354695 1.4069431 0.5354695 1.4266281 0 P 0
L 0.5354695 1.4069431 0.5748395 1.4069431 0 P 0
L 0.5354695 1.4266281 0.5748395 1.4266281 0 P 0
L 0.5422491 0.816399 0.5422491 0.836084 0 P 0
L 0.5422491 0.816399 0.5816191 0.816399 0 P 0
L 0.5422491 0.836084 0.5816191 0.836084 0 P 0
L 0.5468179 1.1103473 0.5468179 1.1497173 0 P 0
L 0.5468179 1.1103473 0.5665029 1.1103473 0 P 0
L 0.5468179 1.1497173 0.5665029 1.1497173 0 P 0
L 0.5472455 0.9670242 0.5472455 1.0063942 0 P 0
L 0.5472455 0.9670242 0.5669305 0.9670242 0 P 0
L 0.5472455 1.0063942 0.5669305 1.0063942 0 P 0
L 0.5549345 0.897613 0.5549345 0.917298 0 P 0
L 0.5549345 0.897613 0.5943045 0.897613 0 P 0
L 0.5549345 0.917298 0.5943045 0.917298 0 P 0
L 0.5562333 0.1731417 0.5562333 0.1928267 0 P 0
L 0.5616177 1.2812411 0.5616177 1.3599811 0 P 0
L 0.5628263 0.4542491 0.5628263 0.4739341 0 P 0
L 0.5628263 0.4542491 0.6021963 0.4542491 0 P 0
L 0.5628263 0.4739341 0.6021963 0.4739341 0 P 0
L 0.5648194 0.7774044 0.5648194 0.7970894 0 P 0
L 0.5648194 0.7774044 0.6041894 0.7774044 0 P 0
L 0.5648194 0.7970894 0.6041894 0.7970894 0 P 0
L 0.5651345 1.6417523 0.5651345 1.7204925 0 P 0
L 0.5665029 1.1103473 0.5665029 1.1497173 0 P 0
L 0.5669305 0.9670242 0.5669305 1.0063942 0 P 0
L 0.5731607 0.2501258 0.5731607 0.2894958 0 P 0
L 0.5731607 0.2501258 0.5928457 0.2501258 0 P 0
L 0.5731607 0.2894958 0.5928457 0.2894958 0 P 0
L 0.5737014 1.4402481 0.5737014 1.4599331 0 P 0
L 0.5748395 1.4069431 0.5748395 1.4266281 0 P 0
L 0.5796107 0.5018733 0.5796107 0.5215583 0 P 0
L 0.5796107 0.5018733 0.6189807 0.5018733 0 P 0
L 0.5796107 0.5215583 0.6189807 0.5215583 0 P 0
L 0.5812625 1.1891025 0.5812625 1.2284725 0 P 0
L 0.5812625 1.1891025 0.6009475 1.1891025 0 P 0
L 0.5812625 1.2284725 0.6009475 1.2284725 0 P 0
L 0.5816191 0.816399 0.5816191 0.836084 0 P 0
L 0.5846477 0.5539364 0.5846477 0.6484244 0 P 0
L 0.5871679 0.677817 0.5871679 0.697502 0 P 0
L 0.5871679 0.677817 0.6265379 0.677817 0 P 0
L 0.5871679 0.697502 0.6265379 0.697502 0 P 0
L 0.5873646 0.7148582 0.5873646 0.7345432 0 P 0
L 0.5873646 0.7148582 0.6267346 0.7148582 0 P 0
L 0.5873646 0.7345432 0.6267346 0.7345432 0 P 0
L 0.5928457 0.2501258 0.5928457 0.2894958 0 P 0
L 0.5943045 0.897613 0.5943045 0.917298 0 P 0
L 0.6009475 1.1891025 0.6009475 1.2284725 0 P 0
L 0.6021963 0.4542491 0.6021963 0.4739341 0 P 0
L 0.6041894 0.7774044 0.6041894 0.7970894 0 P 0
L 0.6043077 0.1731417 0.6043077 0.1928267 0 P 0
L 0.6043077 0.1731417 0.6436777 0.1731417 0 P 0
L 0.6043077 0.1928267 0.6436777 0.1928267 0 P 0
L 0.6064036 1.3219694 0.6064036 1.3613394 0 P 0
L 0.6064036 1.3219694 0.6260886 1.3219694 0 P 0
L 0.6064036 1.3613394 0.6260886 1.3613394 0 P 0
L 0.6139874 1.276289 0.6139874 1.295974 0 P 0
L 0.6139874 1.276289 0.6533574 1.276289 0 P 0
L 0.6139874 1.295974 0.6533574 1.295974 0 P 0
L 0.6189807 0.5018733 0.6189807 0.5215583 0 P 0
L 0.6206506 0.2698833 0.6206506 0.3250013 0 P 0
L 0.6206506 0.2698833 0.7052946 0.2698833 0 P 0
L 0.6206506 0.3250013 0.7052946 0.3250013 0 P 0
L 0.6260886 1.3219694 0.6260886 1.3613394 0 P 0
L 0.6265379 0.677817 0.6265379 0.697502 0 P 0
L 0.6267346 0.7148582 0.6267346 0.7345432 0 P 0
L 0.6436777 0.1731417 0.6436777 0.1928267 0 P 0
L 0.6533574 1.276289 0.6533574 1.295974 0 P 0
L 0.6741031 0.1731417 0.6741031 0.1928267 0 P 0
L 0.6741031 0.1731417 0.7134731 0.1731417 0 P 0
L 0.6741031 0.1928267 0.7134731 0.1928267 0 P 0
L 0.6761477 0.4849194 0.6761477 0.5242894 0 P 0
L 0.6761477 0.4849194 0.6958327 0.4849194 0 P 0
L 0.6761477 0.5242894 0.6958327 0.5242894 0 P 0
L 0.6958327 0.4849194 0.6958327 0.5242894 0 P 0
L 0.7052946 0.2698833 0.7052946 0.3250013 0 P 0
L 0.7134731 0.1731417 0.7134731 0.1928267 0 P 0
L 0.7363665 0.2469652 0.7363665 0.2863352 0 P 0
L 0.7363665 0.2469652 0.7560515 0.2469652 0 P 0
L 0.7363665 0.2863352 0.7560515 0.2863352 0 P 0
L 0.7560515 0.2469652 0.7560515 0.2863352 0 P 0
L 0.8124426 0.2091496 0.8124426 0.2485196 0 P 0
L 0.8124426 0.2091496 0.8321276 0.2091496 0 P 0
L 0.8124426 0.2485196 0.8321276 0.2485196 0 P 0
L 0.8124426 0.2914889 0.8124426 0.3308589 0 P 0
L 0.8124426 0.2914889 0.8321276 0.2914889 0 P 0
L 0.8124426 0.3308589 0.8321276 0.3308589 0 P 0
L 0.8321276 0.2091496 0.8321276 0.2485196 0 P 0
L 0.8321276 0.2914889 0.8321276 0.3308589 0 P 0
L 0.8941027 0.3877585 0.8941027 1.5436641 0 P 0
L 0.9035518 0.37874 0.9035518 1.5543306 0 P 0
L 0.9236227 0.1877325 0.9236227 0.2074175 0 P 0
L 0.9236227 0.1877325 0.9629927 0.1877325 0 P 0
L 0.9236227 0.2074175 0.9629927 0.2074175 0 P 0
L 0.9236227 0.283516 0.9236227 0.303201 0 P 0
L 0.9236227 0.283516 0.9629927 0.283516 0 P 0
L 0.9236227 0.303201 0.9629927 0.303201 0 P 0
L 0.9236228 0.2343938 0.9236228 0.2540788 0 P 0
L 0.9236228 0.2343938 0.9629928 0.2343938 0 P 0
L 0.9236228 0.2540788 0.9629928 0.2540788 0 P 0
L 0.9236228 0.3318903 0.9236228 0.3515753 0 P 0
L 0.9236228 0.3318903 0.9629928 0.3318903 0 P 0
L 0.9236228 0.3515753 0.9629928 0.3515753 0 P 0
L 0.9629927 0.1877325 0.9629927 0.2074175 0 P 0
L 0.9629927 0.283516 0.9629927 0.303201 0 P 0
L 0.9629928 0.2343938 0.9629928 0.2540788 0 P 0
L 0.9629928 0.3318903 0.9629928 0.3515753 0 P 0
L 0.9916396 1.3821497 0.9916396 1.4215197 0 P 0
L 0.9916396 1.3821497 1.0113246 1.3821497 0 P 0
L 0.9916396 1.4215197 1.0113246 1.4215197 0 P 0
L 1.0113246 1.3821497 1.0113246 1.4215197 0 P 0
L 1.0220331 0.8741346 1.0220331 0.8938196 0 P 0
L 1.0220331 0.8741346 1.0614031 0.8741346 0 P 0
L 1.0220331 0.8938196 1.0614031 0.8938196 0 P 0
L 1.0220331 0.9564418 1.0220331 0.9761268 0 P 0
L 1.0220331 0.9564418 1.0614031 0.9564418 0 P 0
L 1.0220331 0.9761268 1.0614031 0.9761268 0 P 0
L 1.0220331 1.0393423 1.0220331 1.0590273 0 P 0
L 1.0220331 1.0393423 1.0614031 1.0393423 0 P 0
L 1.0220331 1.0590273 1.0614031 1.0590273 0 P 0
L 1.0220331 1.1263964 1.0220331 1.1460814 0 P 0
L 1.0220331 1.1263964 1.0614031 1.1263964 0 P 0
L 1.0220331 1.1460814 1.0614031 1.1460814 0 P 0
L 1.0220332 0.7437146 1.0220332 0.7633996 0 P 0
L 1.0220332 0.7437146 1.0614032 0.7437146 0 P 0
L 1.0220332 0.7633996 1.0614032 0.7633996 0 P 0
L 1.0220332 0.8294797 1.0220332 0.8491647 0 P 0
L 1.0220332 0.8294797 1.0614032 0.8294797 0 P 0
L 1.0220332 0.8491647 1.0614032 0.8491647 0 P 0
L 1.0220332 0.9971228 1.0220332 1.0168078 0 P 0
L 1.0220332 0.9971228 1.0614032 0.9971228 0 P 0
L 1.0220332 1.0168078 1.0614032 1.0168078 0 P 0
L 1.0220332 1.0845384 1.0220332 1.1042234 0 P 0
L 1.0220332 1.0845384 1.0614032 1.0845384 0 P 0
L 1.0220332 1.1042234 1.0614032 1.1042234 0 P 0
L 1.0220333 0.7848234 1.0220333 0.8045084 0 P 0
L 1.0220333 0.7848234 1.0614033 0.7848234 0 P 0
L 1.0220333 0.8045084 1.0614033 0.8045084 0 P 0
L 1.0220333 0.9190163 1.0220333 0.9387013 0 P 0
L 1.0220333 0.9190163 1.0614033 0.9190163 0 P 0
L 1.0220333 0.9387013 1.0614033 0.9387013 0 P 0
L 1.0220479 0.5292542 1.0220479 0.5489392 0 P 0
L 1.0220479 0.5292542 1.0614179 0.5292542 0 P 0
L 1.0220479 0.5489392 1.0614179 0.5489392 0 P 0
L 1.0220479 0.5744346 1.0220479 0.5941196 0 P 0
L 1.0220479 0.5744346 1.0614179 0.5744346 0 P 0
L 1.0220479 0.5941196 1.0614179 0.5941196 0 P 0
L 1.0220479 0.6154579 1.0220479 0.6351429 0 P 0
L 1.0220479 0.6154579 1.0614179 0.6154579 0 P 0
L 1.0220479 0.6351429 1.0614179 0.6351429 0 P 0
L 1.0220481 0.3846928 1.0220481 0.4043778 0 P 0
L 1.0220481 0.3846928 1.0614181 0.3846928 0 P 0
L 1.0220481 0.4043778 1.0614181 0.4043778 0 P 0
L 1.0220481 0.4316012 1.0220481 0.4512862 0 P 0
L 1.0220481 0.4316012 1.0614181 0.4316012 0 P 0
L 1.0220481 0.4512862 1.0614181 0.4512862 0 P 0
L 1.0220481 0.4768769 1.0220481 0.4965619 0 P 0
L 1.0220481 0.4768769 1.0614181 0.4768769 0 P 0
L 1.0220481 0.4965619 1.0614181 0.4965619 0 P 0
L 1.0220481 0.6615891 1.0220481 0.6812741 0 P 0
L 1.0220481 0.6615891 1.0614181 0.6615891 0 P 0
L 1.0220481 0.6812741 1.0614181 0.6812741 0 P 0
L 1.0220481 0.7028747 1.0220481 0.7225597 0 P 0
L 1.0220481 0.7028747 1.0614181 0.7028747 0 P 0
L 1.0220481 0.7225597 1.0614181 0.7225597 0 P 0
L 1.0244795 1.3821497 1.0244795 1.4215197 0 P 0
L 1.0244795 1.3821497 1.0441645 1.3821497 0 P 0
L 1.0244795 1.4215197 1.0441645 1.4215197 0 P 0
L 1.0429842 1.8346969 1.0429842 1.8740669 0 P 0
L 1.0429842 1.8346969 1.0626692 1.8346969 0 P 0
L 1.0429842 1.8740669 1.0626692 1.8740669 0 P 0
L 1.0441645 1.3821497 1.0441645 1.4215197 0 P 0
L 1.0609323 1.3821497 1.0609323 1.4215197 0 P 0
L 1.0609323 1.3821497 1.0806173 1.3821497 0 P 0
L 1.0609323 1.4215197 1.0806173 1.4215197 0 P 0
L 1.0614031 0.8741346 1.0614031 0.8938196 0 P 0
L 1.0614031 0.9564418 1.0614031 0.9761268 0 P 0
L 1.0614031 1.0393423 1.0614031 1.0590273 0 P 0
L 1.0614031 1.1263964 1.0614031 1.1460814 0 P 0
L 1.0614032 0.7437146 1.0614032 0.7633996 0 P 0
L 1.0614032 0.8294797 1.0614032 0.8491647 0 P 0
L 1.0614032 0.9971228 1.0614032 1.0168078 0 P 0
L 1.0614032 1.0845384 1.0614032 1.1042234 0 P 0
L 1.0614033 0.7848234 1.0614033 0.8045084 0 P 0
L 1.0614033 0.9190163 1.0614033 0.9387013 0 P 0
L 1.0614179 0.5292542 1.0614179 0.5489392 0 P 0
L 1.0614179 0.5744346 1.0614179 0.5941196 0 P 0
L 1.0614179 0.6154579 1.0614179 0.6351429 0 P 0
L 1.0614181 0.3846928 1.0614181 0.4043778 0 P 0
L 1.0614181 0.4316012 1.0614181 0.4512862 0 P 0
L 1.0614181 0.4768769 1.0614181 0.4965619 0 P 0
L 1.0614181 0.6615891 1.0614181 0.6812741 0 P 0
L 1.0614181 0.7028747 1.0614181 0.7225597 0 P 0
L 1.0626692 1.8346969 1.0626692 1.8740669 0 P 0
L 1.0657692 1.5565019 1.0657692 1.7297319 0 P 0
L 1.0657692 1.5565019 1.3216752 1.5565019 0 P 0
L 1.0657692 1.7297319 1.3216752 1.7297319 0 P 0
L 1.0729863 0.2733996 1.0729863 0.2930846 0 P 0
L 1.0729863 0.2733996 1.1123563 0.2733996 0 P 0
L 1.0729863 0.2930846 1.1123563 0.2930846 0 P 0
L 1.0729863 0.3136601 1.0729863 0.3333451 0 P 0
L 1.0729863 0.3136601 1.1123563 0.3136601 0 P 0
L 1.0729863 0.3333451 1.1123563 0.3333451 0 P 0
L 1.0806173 1.3821497 1.0806173 1.4215197 0 P 0
L 1.0856313 1.8347152 1.0856313 1.8740852 0 P 0
L 1.0856313 1.8347152 1.1053163 1.8347152 0 P 0
L 1.0856313 1.8740852 1.1053163 1.8740852 0 P 0
L 1.0929032 1.6279519 1.0929032 1.6673219 0 P 0
L 1.0929032 1.6279519 1.1716452 1.6279519 0 P 0
L 1.0929032 1.6673219 1.1716452 1.6673219 0 P 0
L 1.0989624 1.3815675 1.0989624 1.4209375 0 P 0
L 1.0989624 1.3815675 1.1186474 1.3815675 0 P 0
L 1.0989624 1.4209375 1.1186474 1.4209375 0 P 0
L 1.0990055 0.7968993 1.0990055 0.8165843 0 P 0
L 1.0990055 0.7968993 1.1383755 0.7968993 0 P 0
L 1.0990055 0.8165843 1.1383755 0.8165843 0 P 0
L 1.1003649 0.735104 1.1003649 0.754789 0 P 0
L 1.1003649 0.735104 1.1397349 0.735104 0 P 0
L 1.1003649 0.754789 1.1397349 0.754789 0 P 0
L 1.100365 0.8722827 1.100365 0.8919677 0 P 0
L 1.100365 0.8722827 1.139735 0.8722827 0 P 0
L 1.100365 0.8919677 1.139735 0.8919677 0 P 0
L 1.1053163 1.8347152 1.1053163 1.8740852 0 P 0
L 1.1123563 0.2733996 1.1123563 0.2930846 0 P 0
L 1.1123563 0.3136601 1.1123563 0.3333451 0 P 0
L 1.1186474 1.3815675 1.1186474 1.4209375 0 P 0
L 1.1370628 1.3815286 1.1370628 1.4208986 0 P 0
L 1.1370628 1.3815286 1.1567478 1.3815286 0 P 0
L 1.1370628 1.4208986 1.1567478 1.4208986 0 P 0
L 1.1383755 0.7968993 1.1383755 0.8165843 0 P 0
L 1.1397349 0.735104 1.1397349 0.754789 0 P 0
L 1.139735 0.8722827 1.139735 0.8919677 0 P 0
L 1.1563608 0.3136611 1.1563608 0.3333461 0 P 0
L 1.1563608 0.3136611 1.1957308 0.3136611 0 P 0
L 1.1563608 0.3333461 1.1957308 0.3333461 0 P 0
L 1.1563609 0.2733855 1.1563609 0.2930705 0 P 0
L 1.1563609 0.2733855 1.1957309 0.2733855 0 P 0
L 1.1563609 0.2930705 1.1957309 0.2930705 0 P 0
L 1.1563787 0.1877325 1.1563787 0.2074175 0 P 0
L 1.1563787 0.1877325 1.1957487 0.1877325 0 P 0
L 1.1563787 0.2074175 1.1957487 0.2074175 0 P 0
L 1.1563788 0.2316747 1.1563788 0.2513597 0 P 0
L 1.1563788 0.2316747 1.1957488 0.2316747 0 P 0
L 1.1563788 0.2513597 1.1957488 0.2513597 0 P 0
L 1.1567478 1.3815286 1.1567478 1.4208986 0 P 0
L 1.1665695 0.4222574 1.1665695 0.5403676 0 P 0
L 1.1665695 0.4222574 1.2846797 0.4222574 0 P 0
L 1.1665695 0.5403676 1.2846797 0.5403676 0 P 0
L 1.1682931 0.9123768 1.1682931 1.030487 0 P 0
L 1.1682931 0.9123768 1.2864033 0.9123768 0 P 0
L 1.1682931 1.030487 1.2864033 1.030487 0 P 0
L 1.1716452 1.6279519 1.1716452 1.6673219 0 P 0
L 1.1957308 0.3136611 1.1957308 0.3333461 0 P 0
L 1.1957309 0.2733855 1.1957309 0.2930705 0 P 0
L 1.1957487 0.1877325 1.1957487 0.2074175 0 P 0
L 1.1957488 0.2316747 1.1957488 0.2513597 0 P 0
L 1.2010782 1.160355 1.2010782 1.18004 0 P 0
L 1.2010782 1.160355 1.2404482 1.160355 0 P 0
L 1.2010782 1.18004 1.2404482 1.18004 0 P 0
L 1.2010782 1.2420559 1.2010782 1.2617409 0 P 0
L 1.2010782 1.2420559 1.2404482 1.2420559 0 P 0
L 1.2010782 1.2617409 1.2404482 1.2617409 0 P 0
L 1.2010784 1.2009039 1.2010784 1.2205889 0 P 0
L 1.2010784 1.2009039 1.2404484 1.2009039 0 P 0
L 1.2010784 1.2205889 1.2404484 1.2205889 0 P 0
L 1.2010883 1.1210952 1.2010883 1.1407802 0 P 0
L 1.2010883 1.1210952 1.2404583 1.1210952 0 P 0
L 1.2010883 1.1407802 1.2404583 1.1407802 0 P 0
L 1.2164465 1.6279519 1.2164465 1.6673219 0 P 0
L 1.2164465 1.6279519 1.2951885 1.6279519 0 P 0
L 1.2164465 1.6673219 1.2951885 1.6673219 0 P 0
L 1.2404482 1.160355 1.2404482 1.18004 0 P 0
L 1.2404482 1.2420559 1.2404482 1.2617409 0 P 0
L 1.2404484 1.2009039 1.2404484 1.2205889 0 P 0
L 1.2404583 1.1210952 1.2404583 1.1407802 0 P 0
L 1.2417329 0.6216219 1.2417329 0.6413069 0 P 0
L 1.2417329 0.6216219 1.2811029 0.6216219 0 P 0
L 1.2417329 0.6413069 1.2811029 0.6413069 0 P 0
L 1.2417329 0.735104 1.2417329 0.754789 0 P 0
L 1.2417329 0.735104 1.2811029 0.735104 0 P 0
L 1.2417329 0.754789 1.2811029 0.754789 0 P 0
L 1.2417329 0.7736295 1.2417329 0.7933145 0 P 0
L 1.2417329 0.7736295 1.2811029 0.7736295 0 P 0
L 1.2417329 0.7933145 1.2811029 0.7933145 0 P 0
L 1.241733 0.8115176 1.241733 0.8312026 0 P 0
L 1.241733 0.8115176 1.281103 0.8115176 0 P 0
L 1.241733 0.8312026 1.281103 0.8312026 0 P 0
L 1.2417374 0.6593096 1.2417374 0.6789946 0 P 0
L 1.2417374 0.6593096 1.2811074 0.6593096 0 P 0
L 1.2417374 0.6789946 1.2811074 0.6789946 0 P 0
L 1.2424489 0.6988109 1.2424489 0.7184959 0 P 0
L 1.2424489 0.6988109 1.2818189 0.6988109 0 P 0
L 1.2424489 0.7184959 1.2818189 0.7184959 0 P 0
L 1.2811029 0.6216219 1.2811029 0.6413069 0 P 0
L 1.2811029 0.735104 1.2811029 0.754789 0 P 0
L 1.2811029 0.7736295 1.2811029 0.7933145 0 P 0
L 1.281103 0.8115176 1.281103 0.8312026 0 P 0
L 1.2811074 0.6593096 1.2811074 0.6789946 0 P 0
L 1.2818189 0.6988109 1.2818189 0.7184959 0 P 0
L 1.2846797 0.4222574 1.2846797 0.5403676 0 P 0
L 1.2864033 0.9123768 1.2864033 1.030487 0 P 0
L 1.2951885 1.6279519 1.2951885 1.6673219 0 P 0
L 1.3020618 1.2079524 1.3020618 1.2276374 0 P 0
L 1.3020618 1.2079524 1.3414318 1.2079524 0 P 0
L 1.3020618 1.2276374 1.3414318 1.2276374 0 P 0
L 1.3020619 1.1210952 1.3020619 1.1407802 0 P 0
L 1.3020619 1.1210952 1.3414319 1.1210952 0 P 0
L 1.3020619 1.1407802 1.3414319 1.1407802 0 P 0
L 1.302062 1.1641335 1.302062 1.1838185 0 P 0
L 1.302062 1.1641335 1.341432 1.1641335 0 P 0
L 1.302062 1.1838185 1.341432 1.1838185 0 P 0
L 1.3193629 0.1877162 1.3193629 0.2074012 0 P 0
L 1.3193629 0.1877162 1.3587329 0.1877162 0 P 0
L 1.3193629 0.2074012 1.3587329 0.2074012 0 P 0
L 1.3193645 0.308519 1.3193645 0.328204 0 P 0
L 1.3193645 0.308519 1.3587345 0.308519 0 P 0
L 1.3193645 0.328204 1.3587345 0.328204 0 P 0
L 1.3193645 0.3487026 1.3193645 0.3683876 0 P 0
L 1.3193645 0.3487026 1.3587345 0.3487026 0 P 0
L 1.3193645 0.3683876 1.3587345 0.3683876 0 P 0
L 1.3193647 0.2272943 1.3193647 0.2469793 0 P 0
L 1.3193647 0.2272943 1.3587347 0.2272943 0 P 0
L 1.3193647 0.2469793 1.3587347 0.2469793 0 P 0
L 1.3193647 0.2681753 1.3193647 0.2878603 0 P 0
L 1.3193647 0.2681753 1.3587347 0.2681753 0 P 0
L 1.3193647 0.2878603 1.3587347 0.2878603 0 P 0
L 1.3197788 0.3956724 1.3197788 0.4153574 0 P 0
L 1.3197788 0.3956724 1.3591488 0.3956724 0 P 0
L 1.3197788 0.4153574 1.3591488 0.4153574 0 P 0
L 1.3205658 0.8106787 1.3205658 0.8303637 0 P 0
L 1.3205658 0.8106787 1.3599358 0.8106787 0 P 0
L 1.3205658 0.8303637 1.3599358 0.8303637 0 P 0
L 1.3205658 0.9847595 1.3205658 1.0044445 0 P 0
L 1.3205658 0.9847595 1.3599358 0.9847595 0 P 0
L 1.3205658 1.0044445 1.3599358 1.0044445 0 P 0
L 1.3205658 1.0726127 1.3205658 1.0922977 0 P 0
L 1.3205658 1.0726127 1.3599358 1.0726127 0 P 0
L 1.3205658 1.0922977 1.3599358 1.0922977 0 P 0
L 1.3205659 0.8520219 1.3205659 0.8717069 0 P 0
L 1.3205659 0.8520219 1.3599359 0.8520219 0 P 0
L 1.3205659 0.8717069 1.3599359 0.8717069 0 P 0
L 1.3205659 0.8989376 1.3205659 0.9186226 0 P 0
L 1.3205659 0.8989376 1.3599359 0.8989376 0 P 0
L 1.3205659 0.9186226 1.3599359 0.9186226 0 P 0
L 1.3205659 0.9424901 1.3205659 0.9621751 0 P 0
L 1.3205659 0.9424901 1.3599359 0.9424901 0 P 0
L 1.3205659 0.9621751 1.3599359 0.9621751 0 P 0
L 1.3205659 1.0289861 1.3205659 1.0486711 0 P 0
L 1.3205659 1.0289861 1.3599359 1.0289861 0 P 0
L 1.3205659 1.0486711 1.3599359 1.0486711 0 P 0
L 1.320566 0.771035 1.320566 0.79072 0 P 0
L 1.320566 0.771035 1.359936 0.771035 0 P 0
L 1.320566 0.79072 1.359936 0.79072 0 P 0
L 1.3205766 0.7332262 1.3205766 0.7529112 0 P 0
L 1.3205766 0.7332262 1.3599466 0.7332262 0 P 0
L 1.3205766 0.7529112 1.3599466 0.7529112 0 P 0
L 1.3210625 0.4327245 1.3210625 0.4524095 0 P 0
L 1.3210625 0.4327245 1.3604325 0.4327245 0 P 0
L 1.3210625 0.4524095 1.3604325 0.4524095 0 P 0
L 1.3210625 0.549654 1.3210625 0.569339 0 P 0
L 1.3210625 0.549654 1.3604325 0.549654 0 P 0
L 1.3210625 0.569339 1.3604325 0.569339 0 P 0
L 1.3210626 0.5121962 1.3210626 0.5318812 0 P 0
L 1.3210626 0.5121962 1.3604326 0.5121962 0 P 0
L 1.3210626 0.5318812 1.3604326 0.5318812 0 P 0
L 1.3210627 0.473247 1.3210627 0.492932 0 P 0
L 1.3210627 0.473247 1.3604327 0.473247 0 P 0
L 1.3210627 0.492932 1.3604327 0.492932 0 P 0
L 1.3216752 1.5565019 1.3216752 1.7297319 0 P 0
L 1.3332821 1.3821649 1.3332821 1.4215349 0 P 0
L 1.3332821 1.3821649 1.3529671 1.3821649 0 P 0
L 1.3332821 1.4215349 1.3529671 1.4215349 0 P 0
L 1.3414318 1.2079524 1.3414318 1.2276374 0 P 0
L 1.3414319 1.1210952 1.3414319 1.1407802 0 P 0
L 1.341432 1.1641335 1.341432 1.1838185 0 P 0
L 1.3529671 1.3821649 1.3529671 1.4215349 0 P 0
L 1.3587329 0.1877162 1.3587329 0.2074012 0 P 0
L 1.3587345 0.308519 1.3587345 0.328204 0 P 0
L 1.3587345 0.3487026 1.3587345 0.3683876 0 P 0
L 1.3587347 0.2272943 1.3587347 0.2469793 0 P 0
L 1.3587347 0.2681753 1.3587347 0.2878603 0 P 0
L 1.3591488 0.3956724 1.3591488 0.4153574 0 P 0
L 1.3599358 0.8106787 1.3599358 0.8303637 0 P 0
L 1.3599358 0.9847595 1.3599358 1.0044445 0 P 0
L 1.3599358 1.0726127 1.3599358 1.0922977 0 P 0
L 1.3599359 0.8520219 1.3599359 0.8717069 0 P 0
L 1.3599359 0.8989376 1.3599359 0.9186226 0 P 0
L 1.3599359 0.9424901 1.3599359 0.9621751 0 P 0
L 1.3599359 1.0289861 1.3599359 1.0486711 0 P 0
L 1.359936 0.771035 1.359936 0.79072 0 P 0
L 1.3599466 0.7332262 1.3599466 0.7529112 0 P 0
L 1.3604325 0.4327245 1.3604325 0.4524095 0 P 0
L 1.3604325 0.549654 1.3604325 0.569339 0 P 0
L 1.3604326 0.5121962 1.3604326 0.5318812 0 P 0
L 1.3604327 0.473247 1.3604327 0.492932 0 P 0
L 1.3733854 1.3821649 1.3733854 1.4215349 0 P 0
L 1.3733854 1.3821649 1.3930704 1.3821649 0 P 0
L 1.3733854 1.4215349 1.3930704 1.4215349 0 P 0
L 1.3921326 0.5964564 1.3921326 0.6161414 0 P 0
L 1.3921326 0.5964564 1.4315026 0.5964564 0 P 0
L 1.3921326 0.6161414 1.4315026 0.6161414 0 P 0
L 1.3921326 0.685039 1.3921326 0.704724 0 P 0
L 1.3921326 0.685039 1.4315026 0.685039 0 P 0
L 1.3921326 0.704724 1.4315026 0.704724 0 P 0
L 1.3921327 0.6397849 1.3921327 0.6594699 0 P 0
L 1.3921327 0.6397849 1.4315027 0.6397849 0 P 0
L 1.3921327 0.6594699 1.4315027 0.6594699 0 P 0
L 1.3930704 1.3821649 1.3930704 1.4215349 0 P 0
L 1.4315026 0.5964564 1.4315026 0.6161414 0 P 0
L 1.4315026 0.685039 1.4315026 0.704724 0 P 0
L 1.4315027 0.6397849 1.4315027 0.6594699 0 P 0
L 1.4746324 0.9233159 1.4746324 0.9626859 0 P 0
L 1.4746324 0.9233159 1.4943174 0.9233159 0 P 0
L 1.4746324 0.9626859 1.4943174 0.9626859 0 P 0
L 1.4746324 1.0798997 1.4746324 1.1192697 0 P 0
L 1.4746324 1.0798997 1.4943174 1.0798997 0 P 0
L 1.4746324 1.1192697 1.4943174 1.1192697 0 P 0
L 1.4829627 0.8642761 1.4829627 0.8839611 0 P 0
L 1.4829627 0.8642761 1.5223327 0.8642761 0 P 0
L 1.4829627 0.8839611 1.5223327 0.8839611 0 P 0
L 1.4837605 0.7378444 1.4837605 0.7575294 0 P 0
L 1.4837605 0.7378444 1.5231305 0.7378444 0 P 0
L 1.4837605 0.7575294 1.5231305 0.7575294 0 P 0
L 1.4837605 0.7801438 1.4837605 0.7998288 0 P 0
L 1.4837605 0.7801438 1.5231305 0.7801438 0 P 0
L 1.4837605 0.7998288 1.5231305 0.7998288 0 P 0
L 1.4837605 0.8206608 1.4837605 0.8403458 0 P 0
L 1.4837605 0.8206608 1.5231305 0.8206608 0 P 0
L 1.4837605 0.8403458 1.5231305 0.8403458 0 P 0
L 1.4943174 0.9233159 1.4943174 0.9626859 0 P 0
L 1.4943174 1.0798997 1.4943174 1.1192697 0 P 0
L 1.5151383 0.923316 1.5151383 0.962686 0 P 0
L 1.5151383 0.923316 1.5348233 0.923316 0 P 0
L 1.5151383 0.962686 1.5348233 0.962686 0 P 0
L 1.5191386 1.0798998 1.5191386 1.1192698 0 P 0
L 1.5191386 1.0798998 1.5388236 1.0798998 0 P 0
L 1.5191386 1.1192698 1.5388236 1.1192698 0 P 0
L 1.5223327 0.8642761 1.5223327 0.8839611 0 P 0
L 1.5231305 0.7378444 1.5231305 0.7575294 0 P 0
L 1.5231305 0.7801438 1.5231305 0.7998288 0 P 0
L 1.5231305 0.8206608 1.5231305 0.8403458 0 P 0
L 1.5348233 0.923316 1.5348233 0.962686 0 P 0
L 1.5388236 1.0798998 1.5388236 1.1192698 0 P 0
L 1.5417486 0.4881889 1.5417486 0.6535433 0 P 0
L 1.5417486 0.4881889 2.3015912 0.4881889 0 P 0
L 1.5417486 0.6535433 2.3015912 0.6535433 0 P 0
L 1.5417486 1.4724409 1.5417486 1.6377953 0 P 0
L 1.5417486 1.4724409 2.3015912 1.4724409 0 P 0
L 1.5417486 1.6377953 2.3015912 1.6377953 0 P 0
L 1.5582552 0.9234828 1.5582552 0.9628528 0 P 0
L 1.5582552 0.9234828 1.5779402 0.9234828 0 P 0
L 1.5582552 0.9628528 1.5779402 0.9628528 0 P 0
L 1.5603138 1.0798999 1.5603138 1.1192699 0 P 0
L 1.5603138 1.0798999 1.5799988 1.0798999 0 P 0
L 1.5603138 1.1192699 1.5799988 1.1192699 0 P 0
L 1.5779402 0.9234828 1.5779402 0.9628528 0 P 0
L 1.5783473 0.3404328 1.5783473 0.3601178 0 P 0
L 1.5783473 0.3404328 1.6177173 0.3404328 0 P 0
L 1.5783473 0.3601178 1.6177173 0.3601178 0 P 0
L 1.5783532 0.301822 1.5783532 0.321507 0 P 0
L 1.5783532 0.301822 1.6177232 0.301822 0 P 0
L 1.5783532 0.321507 1.6177232 0.321507 0 P 0
L 1.5784553 0.379476 1.5784553 0.399161 0 P 0
L 1.5784553 0.379476 1.6178253 0.379476 0 P 0
L 1.5784553 0.399161 1.6178253 0.399161 0 P 0
L 1.5799988 1.0798999 1.5799988 1.1192699 0 P 0
L 1.5994693 0.9234827 1.5994693 0.9628527 0 P 0
L 1.5994693 0.9234827 1.6191543 0.9234827 0 P 0
L 1.5994693 0.9628527 1.6191543 0.9628527 0 P 0
L 1.599573 1.0798998 1.599573 1.1192698 0 P 0
L 1.599573 1.0798998 1.619258 1.0798998 0 P 0
L 1.599573 1.1192698 1.619258 1.1192698 0 P 0
L 1.6177173 0.3404328 1.6177173 0.3601178 0 P 0
L 1.6177232 0.301822 1.6177232 0.321507 0 P 0
L 1.6178253 0.379476 1.6178253 0.399161 0 P 0
L 1.6191543 0.9234827 1.6191543 0.9628527 0 P 0
L 1.619258 1.0798998 1.619258 1.1192698 0 P 0
L 1.6376896 0.9234828 1.6376896 0.9628528 0 P 0
L 1.6376896 0.9234828 1.6573746 0.9234828 0 P 0
L 1.6376896 0.9628528 1.6573746 0.9628528 0 P 0
L 1.6400337 1.0798997 1.6400337 1.1192697 0 P 0
L 1.6400337 1.0798997 1.6597187 1.0798997 0 P 0
L 1.6400337 1.1192697 1.6597187 1.1192697 0 P 0
L 1.6573746 0.9234828 1.6573746 0.9628528 0 P 0
L 1.6597187 1.0798997 1.6597187 1.1192697 0 P 0
L 1.7137016 0.3404328 1.7137016 0.3601178 0 P 0
L 1.7137016 0.3404328 1.7530716 0.3404328 0 P 0
L 1.7137016 0.3601178 1.7530716 0.3601178 0 P 0
L 1.713718 0.3802128 1.713718 0.3998978 0 P 0
L 1.713718 0.3802128 1.753088 0.3802128 0 P 0
L 1.713718 0.3998978 1.753088 0.3998978 0 P 0
L 1.7530716 0.3404328 1.7530716 0.3601178 0 P 0
L 1.753088 0.3802128 1.753088 0.3998978 0 P 0
L 1.7543471 1.304409 1.7543471 1.343779 0 P 0
L 1.7543471 1.304409 1.7740321 1.304409 0 P 0
L 1.7543471 1.343779 1.7740321 1.343779 0 P 0
L 1.763232 0.9896758 1.763232 1.0093608 0 P 0
L 1.763232 0.9896758 1.802602 0.9896758 0 P 0
L 1.763232 1.0093608 1.802602 1.0093608 0 P 0
L 1.7740321 1.304409 1.7740321 1.343779 0 P 0
L 1.7910744 1.0351089 1.7910744 1.0744789 0 P 0
L 1.7910744 1.0351089 1.8107594 1.0351089 0 P 0
L 1.7910744 1.0744789 1.8107594 1.0744789 0 P 0
L 1.7937172 1.3044092 1.7937172 1.3437792 0 P 0
L 1.7937172 1.3044092 1.8134022 1.3044092 0 P 0
L 1.7937172 1.3437792 1.8134022 1.3437792 0 P 0
L 1.802602 0.9896758 1.802602 1.0093608 0 P 0
L 1.8107594 1.0351089 1.8107594 1.0744789 0 P 0
L 1.8129853 0.7490912 1.8129853 0.7884612 0 P 0
L 1.8129853 0.7490912 1.8326703 0.7490912 0 P 0
L 1.8129853 0.7884612 1.8326703 0.7884612 0 P 0
L 1.8134022 1.3044092 1.8134022 1.3437792 0 P 0
L 1.8326703 0.7490912 1.8326703 0.7884612 0 P 0
L 1.8330872 1.3044092 1.8330872 1.3437792 0 P 0
L 1.8330872 1.3044092 1.8527722 1.3044092 0 P 0
L 1.8330872 1.3437792 1.8527722 1.3437792 0 P 0
L 1.8527722 1.3044092 1.8527722 1.3437792 0 P 0
L 1.8543707 0.7480458 1.8543707 0.7874158 0 P 0
L 1.8543707 0.7480458 1.8740557 0.7480458 0 P 0
L 1.8543707 0.7874158 1.8740557 0.7874158 0 P 0
L 1.8724573 1.3044092 1.8724573 1.3437792 0 P 0
L 1.8724573 1.3044092 1.8921423 1.3044092 0 P 0
L 1.8724573 1.3437792 1.8921423 1.3437792 0 P 0
L 1.8740557 0.7480458 1.8740557 0.7874158 0 P 0
L 1.8746009 0.9777072 1.8746009 1.0918792 0 P 0
L 1.8746009 0.9777072 1.9375949 0.9777072 0 P 0
L 1.8746009 1.0918792 1.9375949 1.0918792 0 P 0
L 1.8921423 1.3044092 1.8921423 1.3437792 0 P 0
L 1.8957529 0.3502633 1.8957529 0.3896333 0 P 0
L 1.8957529 0.3502633 1.9154379 0.3502633 0 P 0
L 1.8957529 0.3896333 1.9154379 0.3896333 0 P 0
L 1.9118274 1.3044092 1.9118274 1.3437792 0 P 0
L 1.9118274 1.3044092 1.9315124 1.3044092 0 P 0
L 1.9118274 1.3437792 1.9315124 1.3437792 0 P 0
L 1.9154379 0.3502633 1.9154379 0.3896333 0 P 0
L 1.9315124 1.3044092 1.9315124 1.3437792 0 P 0
L 1.9375949 0.9777072 1.9375949 1.0918792 0 P 0
L 1.9433986 0.3502633 1.9433986 0.3896333 0 P 0
L 1.9433986 0.3502633 1.9630836 0.3502633 0 P 0
L 1.9433986 0.3896333 1.9630836 0.3896333 0 P 0
L 1.9630836 0.3502633 1.9630836 0.3896333 0 P 0
L 1.9900432 0.3502635 1.9900432 0.3896335 0 P 0
L 1.9900432 0.3502635 2.0097282 0.3502635 0 P 0
L 1.9900432 0.3896335 2.0097282 0.3896335 0 P 0
L 2.0097282 0.3502635 2.0097282 0.3896335 0 P 0
L 2.0273075 1.042857 2.0273075 1.062542 0 P 0
L 2.0273075 1.042857 2.0666775 1.042857 0 P 0
L 2.0273075 1.062542 2.0666775 1.062542 0 P 0
L 2.0283064 1.0022888 2.0283064 1.0219738 0 P 0
L 2.0283064 1.0022888 2.0676764 1.0022888 0 P 0
L 2.0283064 1.0219738 2.0676764 1.0219738 0 P 0
L 2.0335482 0.3502635 2.0335482 0.3896335 0 P 0
L 2.0335482 0.3502635 2.0532332 0.3502635 0 P 0
L 2.0335482 0.3896335 2.0532332 0.3896335 0 P 0
L 2.0532332 0.3502635 2.0532332 0.3896335 0 P 0
L 2.0666775 1.042857 2.0666775 1.062542 0 P 0
L 2.0676764 1.0022888 2.0676764 1.0219738 0 P 0
L 2.0889928 0.7469386 2.0889928 0.7863086 0 P 0
L 2.0889928 0.7469386 2.1086778 0.7469386 0 P 0
L 2.0889928 0.7863086 2.1086778 0.7863086 0 P 0
L 2.1086778 0.3177314 2.1086778 0.3571014 0 P 0
L 2.1086778 0.3177314 2.1283628 0.3177314 0 P 0
L 2.1086778 0.3571014 2.1283628 0.3571014 0 P 0
L 2.1086778 0.7469386 2.1086778 0.7863086 0 P 0
L 2.1283628 0.3177314 2.1283628 0.3571014 0 P 0
L 2.1871486 1.341125 2.1871486 1.380495 0 P 0
L 2.1871486 1.341125 2.2068336 1.341125 0 P 0
L 2.1871486 1.380495 2.2068336 1.380495 0 P 0
L 2.2068336 1.341125 2.2068336 1.380495 0 P 0
L 2.2071503 1.7352991 2.2071503 1.7746691 0 P 0
L 2.2071503 1.7352991 2.2268353 1.7352991 0 P 0
L 2.2071503 1.7746691 2.2268353 1.7746691 0 P 0
L 2.2268353 1.7352991 2.2268353 1.7746691 0 P 0
L 2.2291346 0.3177161 2.2291346 0.3570861 0 P 0
L 2.2291346 0.3177161 2.2488196 0.3177161 0 P 0
L 2.2291346 0.3570861 2.2488196 0.3570861 0 P 0
L 2.2488196 0.3177161 2.2488196 0.3570861 0 P 0
L 2.2791502 1.7307083 2.2791502 2.0307083 0 P 0
L 2.2791502 1.7307083 2.3791502 1.7307083 0 P 0
L 2.2791502 2.0307083 2.3791502 2.0307083 0 P 0
L 2.3015912 0.4881889 2.3015912 0.6535433 0 P 0
L 2.3015912 1.4724409 2.3015912 1.6377953 0 P 0
L 2.3791502 1.7307083 2.3791502 2.0307083 0 P 0
L 2.3898791 0.468976 2.3898791 1.268976 0 P 0
L 2.3898791 0.468976 2.4898791 0.468976 0 P 0
L 2.3898791 1.268976 2.4898791 1.268976 0 P 0
L 2.4898791 0.468976 2.4898791 1.268976 0 P 0
