#Layer_Color=32896
#
#Feature symbol names
#
$0 r0.5

#
#Feature attribute names
#

#
#Layer features
#
L 0.5114072 0.5865719 0.5114072 0.5882609 0 P 0
L 0.5114072 0.5865719 0.5114859 0.5864144 0 P 0
L 0.5114072 0.5882609 0.5114859 0.5884183 0 P 0
L 0.5114072 0.5914931 0.5114072 0.5931821 0 P 0
L 0.5114072 0.5914931 0.5114859 0.5913357 0 P 0
L 0.5114072 0.5931821 0.5114859 0.5933396 0 P 0
L 0.5114072 0.5964144 0.5114072 0.5981034 0 P 0
L 0.5114072 0.5964144 0.5114859 0.5962569 0 P 0
L 0.5114072 0.5981034 0.5114859 0.5982609 0 P 0
L 0.5114072 0.6005876 0.5114072 0.6018042 0 P 0
L 0.5114072 0.6005876 0.5114859 0.6004302 0 P 0
L 0.5114072 0.6018042 0.5114859 0.6019616 0 P 0
L 0.5114072 0.6042884 0.5114072 0.6059774 0 P 0
L 0.5114072 0.6042884 0.5114859 0.6041309 0 P 0
L 0.5114072 0.6059774 0.5114859 0.6061349 0 P 0
L 0.5114072 0.6084616 0.5114072 0.6096782 0 P 0
L 0.5114072 0.6084616 0.5114859 0.6083042 0 P 0
L 0.5114072 0.6096782 0.5114859 0.6098357 0 P 0
L 0.5114072 0.6121624 0.5114072 0.6138514 0 P 0
L 0.5114072 0.6121624 0.5114859 0.612005 0 P 0
L 0.5114072 0.6138514 0.5114859 0.6140089 0 P 0
L 0.5114072 0.6170837 0.5114072 0.6187727 0 P 0
L 0.5114072 0.6170837 0.5114859 0.6169262 0 P 0
L 0.5114072 0.6187727 0.5114859 0.6189302 0 P 0
L 0.5114072 0.622005 0.5114072 0.6236939 0 P 0
L 0.5114072 0.622005 0.5114859 0.6218475 0 P 0
L 0.5114072 0.6236939 0.5114859 0.6238514 0 P 0
L 0.5114859 0.5864144 0.5115646 0.5863357 0 P 0
L 0.5114859 0.5884183 0.5115646 0.5884971 0 P 0
L 0.5114859 0.5913357 0.5115646 0.5912569 0 P 0
L 0.5114859 0.5933396 0.5115646 0.5934183 0 P 0
L 0.5114859 0.5962569 0.5115646 0.5961782 0 P 0
L 0.5114859 0.5982609 0.5115646 0.5983396 0 P 0
L 0.5114859 0.6004302 0.5115646 0.6003514 0 P 0
L 0.5114859 0.6019616 0.5115646 0.6020404 0 P 0
L 0.5114859 0.6041309 0.5115646 0.6040522 0 P 0
L 0.5114859 0.6061349 0.5115646 0.6062136 0 P 0
L 0.5114859 0.6083042 0.5115646 0.6082254 0 P 0
L 0.5114859 0.6098357 0.5115646 0.6099144 0 P 0
L 0.5114859 0.612005 0.5115646 0.6119262 0 P 0
L 0.5114859 0.6140089 0.5115646 0.6140876 0 P 0
L 0.5114859 0.6169262 0.5115646 0.6168475 0 P 0
L 0.5114859 0.6189302 0.5115646 0.6190089 0 P 0
L 0.5114859 0.6218475 0.5115646 0.6217687 0 P 0
L 0.5114859 0.6238514 0.5115646 0.6239302 0 P 0
L 0.5115646 0.5863357 0.5117221 0.5862569 0 P 0
L 0.5115646 0.5884971 0.5117221 0.5885758 0 P 0
L 0.5115646 0.5912569 0.5117221 0.5911782 0 P 0
L 0.5115646 0.5934183 0.5117221 0.5934971 0 P 0
L 0.5115646 0.5961782 0.5117221 0.5960994 0 P 0
L 0.5115646 0.5983396 0.5117221 0.5984183 0 P 0
L 0.5115646 0.6003514 0.5117221 0.6002727 0 P 0
L 0.5115646 0.6020404 0.5117221 0.6021191 0 P 0
L 0.5115646 0.6040522 0.5117221 0.6039735 0 P 0
L 0.5115646 0.6062136 0.5117221 0.6062924 0 P 0
L 0.5115646 0.6082254 0.5117221 0.6081467 0 P 0
L 0.5115646 0.6099144 0.5117221 0.6099931 0 P 0
L 0.5115646 0.6119262 0.5117221 0.6118475 0 P 0
L 0.5115646 0.6140876 0.5117221 0.6141664 0 P 0
L 0.5115646 0.6168475 0.5117221 0.6167687 0 P 0
L 0.5115646 0.6190089 0.5117221 0.6190876 0 P 0
L 0.5115646 0.6217687 0.5117221 0.62169 0 P 0
L 0.5115646 0.6239302 0.5117221 0.6240089 0 P 0
L 0.5117221 0.5862569 0.5136473 0.5862569 0 P 0
L 0.5117221 0.5885758 0.5136473 0.5885758 0 P 0
L 0.5117221 0.5911782 0.5136473 0.5911782 0 P 0
L 0.5117221 0.5934971 0.5136473 0.5934971 0 P 0
L 0.5117221 0.5960994 0.5136473 0.5960994 0 P 0
L 0.5117221 0.5984183 0.5136473 0.5984183 0 P 0
L 0.5117221 0.6002727 0.5136473 0.6002727 0 P 0
L 0.5117221 0.6021191 0.5136473 0.6021191 0 P 0
L 0.5117221 0.6039735 0.5136473 0.6039735 0 P 0
L 0.5117221 0.6062924 0.5136473 0.6062924 0 P 0
L 0.5117221 0.6081467 0.5136473 0.6081467 0 P 0
L 0.5117221 0.6099931 0.5136473 0.6099931 0 P 0
L 0.5117221 0.6118475 0.5136473 0.6118475 0 P 0
L 0.5117221 0.6141664 0.5136473 0.6141664 0 P 0
L 0.5117221 0.6167687 0.5136473 0.6167687 0 P 0
L 0.5117221 0.6190876 0.5136473 0.6190876 0 P 0
L 0.5117221 0.62169 0.5136473 0.62169 0 P 0
L 0.5117221 0.6240089 0.5136473 0.6240089 0 P 0
L 0.5136473 0.5862569 0.5138048 0.5863357 0 P 0
L 0.5136473 0.5885758 0.5138048 0.5884971 0 P 0
L 0.5136473 0.5911782 0.5138048 0.5912569 0 P 0
L 0.5136473 0.5934971 0.5138048 0.5934183 0 P 0
L 0.5136473 0.5960994 0.5138048 0.5961782 0 P 0
L 0.5136473 0.5984183 0.5138048 0.5983396 0 P 0
L 0.5136473 0.6002727 0.5138048 0.6003514 0 P 0
L 0.5136473 0.6021191 0.5138048 0.6020404 0 P 0
L 0.5136473 0.6039735 0.5138048 0.6040522 0 P 0
L 0.5136473 0.6062924 0.5138048 0.6062136 0 P 0
L 0.5136473 0.6081467 0.5138048 0.6082254 0 P 0
L 0.5136473 0.6099931 0.5138048 0.6099144 0 P 0
L 0.5136473 0.6118475 0.5138048 0.6119262 0 P 0
L 0.5136473 0.6141664 0.5138048 0.6140876 0 P 0
L 0.5136473 0.6167687 0.5138048 0.6168475 0 P 0
L 0.5136473 0.6190876 0.5138048 0.6190089 0 P 0
L 0.5136473 0.62169 0.5138048 0.6217687 0 P 0
L 0.5136473 0.6240089 0.5138048 0.6239302 0 P 0
L 0.5138048 0.5863357 0.5138835 0.5864144 0 P 0
L 0.5138048 0.5884971 0.5138835 0.5884183 0 P 0
L 0.5138048 0.5912569 0.5138835 0.5913357 0 P 0
L 0.5138048 0.5934183 0.5138835 0.5933396 0 P 0
L 0.5138048 0.5961782 0.5138835 0.5962569 0 P 0
L 0.5138048 0.5983396 0.5138835 0.5982609 0 P 0
L 0.5138048 0.6003514 0.5138835 0.6004302 0 P 0
L 0.5138048 0.6020404 0.5138835 0.6019616 0 P 0
L 0.5138048 0.6040522 0.5138835 0.6041309 0 P 0
L 0.5138048 0.6062136 0.5138835 0.6061349 0 P 0
L 0.5138048 0.6082254 0.5138835 0.6083042 0 P 0
L 0.5138048 0.6099144 0.5138835 0.6098357 0 P 0
L 0.5138048 0.6119262 0.5138835 0.612005 0 P 0
L 0.5138048 0.6140876 0.5138835 0.6140089 0 P 0
L 0.5138048 0.6168475 0.5138835 0.6169262 0 P 0
L 0.5138048 0.6190089 0.5138835 0.6189302 0 P 0
L 0.5138048 0.6217687 0.5138835 0.6218475 0 P 0
L 0.5138048 0.6239302 0.5138835 0.6238514 0 P 0
L 0.5138835 0.5864144 0.5139623 0.5865719 0 P 0
L 0.5138835 0.5884183 0.5139623 0.5882609 0 P 0
L 0.5138835 0.5913357 0.5139623 0.5914931 0 P 0
L 0.5138835 0.5933396 0.5139623 0.5931821 0 P 0
L 0.5138835 0.5962569 0.5139623 0.5964144 0 P 0
L 0.5138835 0.5982609 0.5139623 0.5981034 0 P 0
L 0.5138835 0.6004302 0.5139623 0.6005876 0 P 0
L 0.5138835 0.6019616 0.5139623 0.6018042 0 P 0
L 0.5138835 0.6041309 0.5139623 0.6042884 0 P 0
L 0.5138835 0.6061349 0.5139623 0.6059774 0 P 0
L 0.5138835 0.6083042 0.5139623 0.6084616 0 P 0
L 0.5138835 0.6098357 0.5139623 0.6096782 0 P 0
L 0.5138835 0.612005 0.5139623 0.6121624 0 P 0
L 0.5138835 0.6140089 0.5139623 0.6138514 0 P 0
L 0.5138835 0.6169262 0.5139623 0.6170837 0 P 0
L 0.5138835 0.6189302 0.5139623 0.6187727 0 P 0
L 0.5138835 0.6218475 0.5139623 0.622005 0 P 0
L 0.5138835 0.6238514 0.5139623 0.6236939 0 P 0
L 0.5139623 0.5865719 0.5139623 0.5882609 0 P 0
L 0.5139623 0.5914931 0.5139623 0.5931821 0 P 0
L 0.5139623 0.5964144 0.5139623 0.5981034 0 P 0
L 0.5139623 0.6005876 0.5139623 0.6018042 0 P 0
L 0.5139623 0.6042884 0.5139623 0.6059774 0 P 0
L 0.5139623 0.6084616 0.5139623 0.6096782 0 P 0
L 0.5139623 0.6121624 0.5139623 0.6138514 0 P 0
L 0.5139623 0.6170837 0.5139623 0.6187727 0 P 0
L 0.5139623 0.622005 0.5139623 0.6236939 0 P 0
L 0.5609347 0.5865719 0.5609347 0.5882609 0 P 0
L 0.5609347 0.5865719 0.5610135 0.5864144 0 P 0
L 0.5609347 0.5882609 0.5610135 0.5884183 0 P 0
L 0.5609347 0.5914931 0.5609347 0.5931821 0 P 0
L 0.5609347 0.5914931 0.5610135 0.5913357 0 P 0
L 0.5609347 0.5931821 0.5610135 0.5933396 0 P 0
L 0.5609347 0.5964144 0.5609347 0.5981034 0 P 0
L 0.5609347 0.5964144 0.5610135 0.5962569 0 P 0
L 0.5609347 0.5981034 0.5610135 0.5982609 0 P 0
L 0.5609347 0.6005876 0.5609347 0.6018042 0 P 0
L 0.5609347 0.6005876 0.5610135 0.6004302 0 P 0
L 0.5609347 0.6018042 0.5610135 0.6019616 0 P 0
L 0.5609347 0.6042884 0.5609347 0.6059774 0 P 0
L 0.5609347 0.6042884 0.5610135 0.6041309 0 P 0
L 0.5609347 0.6059774 0.5610135 0.6061349 0 P 0
L 0.5609347 0.6084616 0.5609347 0.6096782 0 P 0
L 0.5609347 0.6084616 0.5610135 0.6083042 0 P 0
L 0.5609347 0.6096782 0.5610135 0.6098357 0 P 0
L 0.5609347 0.6121624 0.5609347 0.6138514 0 P 0
L 0.5609347 0.6121624 0.5610135 0.612005 0 P 0
L 0.5609347 0.6138514 0.5610135 0.6140089 0 P 0
L 0.5610135 0.5864144 0.5610922 0.5863357 0 P 0
L 0.5610135 0.5884183 0.5610922 0.5884971 0 P 0
L 0.5610135 0.5913357 0.5610922 0.5912569 0 P 0
L 0.5610135 0.5933396 0.5610922 0.5934183 0 P 0
L 0.5610135 0.5962569 0.5610922 0.5961782 0 P 0
L 0.5610135 0.5982609 0.5610922 0.5983396 0 P 0
L 0.5610135 0.6004302 0.5610922 0.6003514 0 P 0
L 0.5610135 0.6019616 0.5610922 0.6020404 0 P 0
L 0.5610135 0.6041309 0.5610922 0.6040522 0 P 0
L 0.5610135 0.6061349 0.5610922 0.6062136 0 P 0
L 0.5610135 0.6083042 0.5610922 0.6082254 0 P 0
L 0.5610135 0.6098357 0.5610922 0.6099144 0 P 0
L 0.5610135 0.612005 0.5610922 0.6119262 0 P 0
L 0.5610135 0.6140089 0.5610922 0.6140876 0 P 0
L 0.5610922 0.5863357 0.5612497 0.5862569 0 P 0
L 0.5610922 0.5884971 0.5612497 0.5885758 0 P 0
L 0.5610922 0.5912569 0.5612497 0.5911782 0 P 0
L 0.5610922 0.5934183 0.5612497 0.5934971 0 P 0
L 0.5610922 0.5961782 0.5612497 0.5960994 0 P 0
L 0.5610922 0.5983396 0.5612497 0.5984183 0 P 0
L 0.5610922 0.6003514 0.5612497 0.6002727 0 P 0
L 0.5610922 0.6020404 0.5612497 0.6021191 0 P 0
L 0.5610922 0.6040522 0.5612497 0.6039735 0 P 0
L 0.5610922 0.6062136 0.5612497 0.6062924 0 P 0
L 0.5610922 0.6082254 0.5612497 0.6081467 0 P 0
L 0.5610922 0.6099144 0.5612497 0.6099931 0 P 0
L 0.5610922 0.6119262 0.5612497 0.6118475 0 P 0
L 0.5610922 0.6140876 0.5612497 0.6141664 0 P 0
L 0.5612497 0.5862569 0.5631749 0.5862569 0 P 0
L 0.5612497 0.5885758 0.5631749 0.5885758 0 P 0
L 0.5612497 0.5911782 0.5631749 0.5911782 0 P 0
L 0.5612497 0.5934971 0.5631749 0.5934971 0 P 0
L 0.5612497 0.5960994 0.5631749 0.5960994 0 P 0
L 0.5612497 0.5984183 0.5631749 0.5984183 0 P 0
L 0.5612497 0.6002727 0.5631749 0.6002727 0 P 0
L 0.5612497 0.6021191 0.5631749 0.6021191 0 P 0
L 0.5612497 0.6039735 0.5631749 0.6039735 0 P 0
L 0.5612497 0.6062924 0.5631749 0.6062924 0 P 0
L 0.5612497 0.6081467 0.5631749 0.6081467 0 P 0
L 0.5612497 0.6099931 0.5631749 0.6099931 0 P 0
L 0.5612497 0.6118475 0.5631749 0.6118475 0 P 0
L 0.5612497 0.6141664 0.5631749 0.6141664 0 P 0
L 0.5631749 0.5862569 0.5633324 0.5863357 0 P 0
L 0.5631749 0.5885758 0.5633324 0.5884971 0 P 0
L 0.5631749 0.5911782 0.5633324 0.5912569 0 P 0
L 0.5631749 0.5934971 0.5633324 0.5934183 0 P 0
L 0.5631749 0.5960994 0.5633324 0.5961782 0 P 0
L 0.5631749 0.5984183 0.5633324 0.5983396 0 P 0
L 0.5631749 0.6002727 0.5633324 0.6003514 0 P 0
L 0.5631749 0.6021191 0.5633324 0.6020404 0 P 0
L 0.5631749 0.6039735 0.5633324 0.6040522 0 P 0
L 0.5631749 0.6062924 0.5633324 0.6062136 0 P 0
L 0.5631749 0.6081467 0.5633324 0.6082254 0 P 0
L 0.5631749 0.6099931 0.5633324 0.6099144 0 P 0
L 0.5631749 0.6118475 0.5633324 0.6119262 0 P 0
L 0.5631749 0.6141664 0.5633324 0.6140876 0 P 0
L 0.5633324 0.5863357 0.5634111 0.5864144 0 P 0
L 0.5633324 0.5884971 0.5634111 0.5884183 0 P 0
L 0.5633324 0.5912569 0.5634111 0.5913357 0 P 0
L 0.5633324 0.5934183 0.5634111 0.5933396 0 P 0
L 0.5633324 0.5961782 0.5634111 0.5962569 0 P 0
L 0.5633324 0.5983396 0.5634111 0.5982609 0 P 0
L 0.5633324 0.6003514 0.5634111 0.6004302 0 P 0
L 0.5633324 0.6020404 0.5634111 0.6019616 0 P 0
L 0.5633324 0.6040522 0.5634111 0.6041309 0 P 0
L 0.5633324 0.6062136 0.5634111 0.6061349 0 P 0
L 0.5633324 0.6082254 0.5634111 0.6083042 0 P 0
L 0.5633324 0.6099144 0.5634111 0.6098357 0 P 0
L 0.5633324 0.6119262 0.5634111 0.612005 0 P 0
L 0.5633324 0.6140876 0.5634111 0.6140089 0 P 0
L 0.5634111 0.5864144 0.5634898 0.5865719 0 P 0
L 0.5634111 0.5884183 0.5634898 0.5882609 0 P 0
L 0.5634111 0.5913357 0.5634898 0.5914931 0 P 0
L 0.5634111 0.5933396 0.5634898 0.5931821 0 P 0
L 0.5634111 0.5962569 0.5634898 0.5964144 0 P 0
L 0.5634111 0.5982609 0.5634898 0.5981034 0 P 0
L 0.5634111 0.6004302 0.5634898 0.6005876 0 P 0
L 0.5634111 0.6019616 0.5634898 0.6018042 0 P 0
L 0.5634111 0.6041309 0.5634898 0.6042884 0 P 0
L 0.5634111 0.6061349 0.5634898 0.6059774 0 P 0
L 0.5634111 0.6083042 0.5634898 0.6084616 0 P 0
L 0.5634111 0.6098357 0.5634898 0.6096782 0 P 0
L 0.5634111 0.612005 0.5634898 0.6121624 0 P 0
L 0.5634111 0.6140089 0.5634898 0.6138514 0 P 0
L 0.5634898 0.5865719 0.5634898 0.5882609 0 P 0
L 0.5634898 0.5914931 0.5634898 0.5931821 0 P 0
L 0.5634898 0.5964144 0.5634898 0.5981034 0 P 0
L 0.5634898 0.6005876 0.5634898 0.6018042 0 P 0
L 0.5634898 0.6042884 0.5634898 0.6059774 0 P 0
L 0.5634898 0.6084616 0.5634898 0.6096782 0 P 0
L 0.5634898 0.6121624 0.5634898 0.6138514 0 P 0
