#Layer_Color=16711935
#
#Feature symbol names
#
$0 r0.5

#
#Feature attribute names
#

#
#Layer features
#
A 0.5548972 0.5796849 0.5553794 0.5781329 0.5577079 0.5797073 0 P 0 N
A 0.5549099 0.5866698 0.5551225 0.5852243 0.557565 0.5863219 0 P 0 N
A 0.5551225 0.5852243 0.5554494 0.5847211 0.5573352 0.586304 0 P 0 N
A 0.5551657 0.6290603 0.5555947 0.623376 0.5678355 0.6271582 0 P 0 N
A 0.5551885 0.5876098 0.5549099 0.5866699 0.5578394 0.5863128 0 P 0 N
A 0.5553795 0.581237 0.5548973 0.5796849 0.5577081 0.5796626 0 P 0 N
A 0.5554201 0.5780785 0.5563978 0.5773499 0.5577772 0.5802212 0 P 0 N
A 0.5555946 0.623376 0.5566228 0.6212424 0.56449 0.6263482 0 P 0 N
A 0.5556328 0.584544 0.5575124 0.5838213 0.5576282 0.5869278 0 P 0 N
A 0.5556725 0.6258776 0.5561307 0.6230965 0.5648787 0.6259661 0 P 0 N
A 0.5557045 0.6311069 0.5551656 0.6290603 0.5663291 0.627215 0 P 0 N
A 0.5557455 0.5882709 0.5551885 0.5876098 0.5572074 0.586474 0 P 0 N
A 0.5559085 0.6283579 0.5556726 0.6258776 0.5669159 0.6260596 0 P 0 N
A 0.5561308 0.6230965 0.5564666 0.6222171 0.5631834 0.6252857 0 P 0 N
A 0.5563121 0.5796849 0.556483 0.5791414 0.5575628 0.5797796 0 P 0 N
A 0.5563129 0.5867975 0.556468 0.5857283 0.5572116 0.586382 0 P 0 N
A 0.5563129 0.5886257 0.5557455 0.5882709 0.5594664 0.5829515 0 P 0 N
A 0.5563978 0.5773499 0.5575135 0.5769987 0.5590331 0.583774 0 P 0 N
A 0.5563978 0.58202 0.5554201 0.5812914 0.5577772 0.5791487 0 P 0 N
A 0.556468 0.5857283 0.5566589 0.5855479 0.5570139 0.5861147 0 P 0 N
A 0.556483 0.5791414 0.5569057 0.5787598 0.5577019 0.5800667 0 P 0 N
A 0.556483 0.5802284 0.5563121 0.5796849 0.5575628 0.5795902 0 P 0 N
A 0.5566082 0.6304658 0.5559085 0.6283579 0.5647907 0.6265796 0 P 0 N
A 0.5566589 0.5855479 0.557877 0.5852594 0.5577991 0.5876461 0 P 0 N
A 0.5568051 0.6333057 0.5557045 0.631107 0.5658982 0.6273791 0 P 0 N
A 0.5568464 0.5873309 0.5563129 0.5867975 0.5573001 0.5863436 0 P 0 N
A 0.5569056 0.5787598 0.5579286 0.5784611 0.5587206 0.5830743 0 P 0 N
A 0.5569057 0.58061 0.556483 0.5802284 0.5577019 0.5793031 0 P 0 N
A 0.5575135 0.5769987 0.559194 0.5768321 0.5591511 0.5849579 0 P 0 N
A 0.5575135 0.5823711 0.5563978 0.58202 0.5590325 0.5755959 0 P 0 N
A 0.5576735 0.5875628 0.5568464 0.5873309 0.5580043 0.584792 0 P 0 N
A 0.5578722 0.6323943 0.5566082 0.6304658 0.5630857 0.6275988 0 P 0 N
A 0.5579286 0.5784612 0.558864 0.5783762 0.5591967 0.587227 0 P 0 N
A 0.5579286 0.5809087 0.5569056 0.58061 0.5587206 0.5762955 0 P 0 N
A 0.5585785 0.6352666 0.5568051 0.6333056 0.5631362 0.6293625 0 P 0 N
A 0.558864 0.5783761 0.5603521 0.5784186 0.5593318 0.58807 0 P 0 N
A 0.558864 0.5809937 0.5579286 0.5809087 0.5591967 0.5721429 0 P 0 N
A 0.5589916 0.5876053 0.5576735 0.5875628 0.559016 0.5663864 0 P 0 N
A 0.559194 0.5768321 0.5603486 0.5768869 0.5593617 0.58549 0 P 0 N
A 0.559194 0.5825378 0.5575135 0.5823711 0.5591515 0.574412 0 P 0 N
A 0.5593317 0.5890933 0.5563129 0.5886256 0.5589887 0.5813307 0 P 0 N
A 0.5597406 0.6337374 0.5578722 0.6323942 0.5619399 0.6287071 0 P 0 N
A 0.5597569 0.5837361 0.5617127 0.5839487 0.5596769 0.5935749 0 P 0 N
A 0.5603486 0.5768869 0.5613637 0.5770562 0.5590115 0.5880318 0 P 0 N
A 0.5603486 0.5824829 0.559194 0.5825378 0.5593609 0.5738798 0 P 0 N
A 0.5603521 0.5784186 0.5612991 0.5786003 0.5595144 0.5853435 0 P 0 N
A 0.5603521 0.5809512 0.558864 0.5809937 0.5593318 0.5712998 0 P 0 N
A 0.5606384 0.5890084 0.5593317 0.5890934 0.5592682 0.5780312 0 P 0 N
A 0.5608623 0.5852668 0.5618411 0.5854536 0.5609034 0.5877094 0 P 0 N
A 0.5608717 0.636165 0.5585785 0.6352665 0.5613897 0.6314674 0 P 0 N
A 0.5610324 0.5718386 0.5619253 0.5720512 0.561073 0.5736495 0 P 0 N
A 0.5610324 0.5920698 0.5619253 0.5922823 0.5610732 0.5938806 0 P 0 N
A 0.5610324 0.6064833 0.5619253 0.6066958 0.5610732 0.6082941 0 P 0 N
A 0.5612991 0.5786003 0.5618614 0.5788736 0.5605886 0.5807772 0 P 0 N
A 0.5612991 0.5807696 0.5603521 0.5809512 0.5595151 0.5740264 0 P 0 N
A 0.56133 0.5875203 0.5602246 0.5876053 0.5604957 0.5839012 0 P 0 N
A 0.5613637 0.5770563 0.5623258 0.5774285 0.5599895 0.582038 0 P 0 N
A 0.5613637 0.5823137 0.5603486 0.5824829 0.5590126 0.571338 0 P 0 N
A 0.5616258 0.6340674 0.5597406 0.6337375 0.5613738 0.6299562 0 P 0 N
A 0.5617126 0.5839489 0.5629456 0.5845441 0.5610691 0.5868567 0 P 0 N
A 0.5618411 0.5854535 0.5622407 0.5857767 0.5614937 0.5862919 0 P 0 N
A 0.5618609 0.570308 0.5627331 0.5705206 0.5619568 0.5718098 0 P 0 N
A 0.5618609 0.590539 0.5627331 0.5907516 0.5619568 0.5920408 0 P 0 N
A 0.5618609 0.6049525 0.5627331 0.6051651 0.5619568 0.6064543 0 P 0 N
A 0.5618614 0.5804963 0.5612991 0.5807696 0.5605886 0.5785927 0 P 0 N
A 0.5619253 0.5720512 0.5621379 0.5733429 0.5611054 0.5728495 0 P 0 N
A 0.5619253 0.5922822 0.5621379 0.5935739 0.5611054 0.5930805 0 P 0 N
A 0.5619253 0.6066957 0.5621379 0.6079874 0.5611054 0.607494 0 P 0 N
A 0.5620198 0.5789964 0.562287 0.5794397 0.5615147 0.579603 0 P 0 N
A 0.5621379 0.5733429 0.561245 0.5738795 0.5612663 0.5729037 0 P 0 N
A 0.5621379 0.5870951 0.56133 0.5875203 0.5611434 0.5861856 0 P 0 N
A 0.5621379 0.5935739 0.561245 0.5941105 0.5612663 0.5931347 0 P 0 N
A 0.5621379 0.6079874 0.561245 0.608524 0.5612663 0.6075482 0 P 0 N
A 0.5622407 0.5857767 0.5624106 0.5864748 0.5612181 0.5863953 0 P 0 N
A 0.5622869 0.5799302 0.5620197 0.5803733 0.5615148 0.5797668 0 P 0 N
A 0.5622871 0.5794397 0.5623072 0.579549 0.5615616 0.5796296 0 P 0 N
A 0.5623071 0.579549 0.5623094 0.5796849 0.5615618 0.5796296 0 P 0 N
A 0.5623094 0.5796849 0.562287 0.5799302 0.5615614 0.5797403 0 P 0 N
A 0.5623258 0.5774284 0.5630726 0.5779928 0.561094 0.5798345 0 P 0 N
A 0.5623258 0.5819414 0.5613637 0.5823137 0.559989 0.5773319 0 P 0 N
A 0.5624106 0.5864748 0.5621379 0.5870951 0.5615076 0.5864479 0 P 0 N
A 0.5625856 0.588428 0.5606384 0.5890084 0.5600867 0.5836011 0 P 0 N
A 0.5627331 0.5705206 0.5635185 0.5713965 0.5621185 0.5718618 0 P 0 N
A 0.5627331 0.5907516 0.5635185 0.5916275 0.5621185 0.5920928 0 P 0 N
A 0.5627331 0.6051651 0.5635185 0.606041 0.5621185 0.6065063 0 P 0 N
A 0.5629457 0.584544 0.5635679 0.5855645 0.5612966 0.5862494 0 P 0 N
A 0.5630726 0.5779927 0.5634434 0.5785306 0.5616591 0.5793639 0 P 0 N
A 0.5630726 0.5813771 0.5623258 0.5819414 0.5610943 0.5795353 0 P 0 N
A 0.5632346 0.6357371 0.5608717 0.6361651 0.5612947 0.6317637 0 P 0 N
A 0.5634434 0.5785306 0.5636668 0.5794018 0.5605355 0.5797406 0 P 0 N
A 0.5634434 0.5808393 0.5630726 0.5813772 0.5616591 0.580006 0 P 0 N
A 0.5635185 0.5713965 0.5635835 0.5725189 0.5614691 0.5720783 0 P 0 N
A 0.5635185 0.5916275 0.5635835 0.5927499 0.5614691 0.5923093 0 P 0 N
A 0.5635185 0.606041 0.5635835 0.6071634 0.5614691 0.6067228 0 P 0 N
A 0.5635679 0.5855646 0.563626 0.5870526 0.5608024 0.5864177 0 P 0 N
A 0.5635834 0.5725189 0.5626906 0.573922 0.5614706 0.57216 0 P 0 N
A 0.5635834 0.5927499 0.5626906 0.594153 0.5614706 0.592391 0 P 0 N
A 0.5635834 0.6071634 0.5626906 0.6085665 0.5614706 0.6068045 0 P 0 N
A 0.5636259 0.5870526 0.5625856 0.588428 0.5613454 0.5864087 0 P 0 N
A 0.5636668 0.5794018 0.5636846 0.5796849 0.5605358 0.5797408 0 P 0 N
A 0.5636734 0.6334293 0.5616258 0.6340674 0.5613851 0.6296908 0 P 0 N
A 0.5636846 0.5796849 0.5634434 0.5808392 0.5605353 0.5796292 0 P 0 N
A 0.5650166 0.6343671 0.5632346 0.6357372 0.5606494 0.6305308 0 P 0 N
A 0.5650936 0.6322119 0.5636734 0.6334293 0.5601742 0.6279101 0 P 0 N
A 0.5661706 0.6326264 0.5650935 0.632212 0.566683 0.6296878 0 P 0 N
A 0.5661707 0.6326263 0.5650167 0.634367 0.5590785 0.6291774 0 P 0 N
A 0.5667723 0.6013197 0.5664322 0.601381 0.5664536 0.6005257 0 P 0 N
A 0.5668984 0.6267124 0.5676429 0.6268633 0.5666829 0.6296878 0 P 0 N
A 0.5669849 0.6001055 0.5671272 0.6007228 0.5657653 0.6007117 0 P 0 N
A 0.5670537 0.6246761 0.5668984 0.6267124 0.5470757 0.6241765 0 P 0 N
A 0.5670696 0.5984048 0.5670696 0.5984048 0.5660633 0.5984048 0 P 0 N
A 0.567106 0.6236772 0.5676428 0.6268633 0.5567158 0.627066 0 P 0 N
A 0.5671272 0.6007228 0.5667723 0.6013197 0.5664762 0.6007397 0 P 0 N
A 0.5680053 0.6024865 0.5667039 0.6029542 0.5667168 0.6009457 0 P 0 N
A 0.568377 0.6020432 0.5680053 0.6024865 0.5667686 0.6010721 0 P 0 N
A 0.568388 0.6001055 0.5686229 0.6010758 0.565834 0.6012374 0 P 0 N
A 0.5686229 0.6010758 0.568377 0.6020432 0.5666591 0.6010916 0 P 0 N
A 0.5687593 0.6296877 0.5687593 0.6296877 0.5666831 0.6296877 0 P 0 N
L 0.5550799 0.570308 0.5550799 0.5718386 0 P 0
L 0.5550799 0.570308 0.5618609 0.570308 0 P 0
L 0.5550799 0.5718386 0.5610324 0.5718386 0 P 0
L 0.5550799 0.5738795 0.5550799 0.5754526 0 P 0
L 0.5550799 0.5738795 0.561245 0.5738795 0 P 0
L 0.5550799 0.5754526 0.5634984 0.5754526 0 P 0
L 0.5550799 0.590539 0.5550799 0.5920697 0 P 0
L 0.5550799 0.590539 0.5618609 0.590539 0 P 0
L 0.5550799 0.5920697 0.5610324 0.5920697 0 P 0
L 0.5550799 0.5941105 0.5550799 0.5956837 0 P 0
L 0.5550799 0.5941105 0.561245 0.5941105 0 P 0
L 0.5550799 0.5956837 0.5634984 0.5956837 0 P 0
L 0.5550799 0.5976395 0.5550799 0.5991701 0 P 0
L 0.5550799 0.5976395 0.5634984 0.5976395 0 P 0
L 0.5550799 0.5991701 0.5634984 0.5991701 0 P 0
L 0.5550799 0.601381 0.5550799 0.6029542 0 P 0
L 0.5550799 0.601381 0.5623079 0.601381 0 P 0
L 0.5550799 0.6029542 0.5623079 0.6029542 0 P 0
L 0.5550799 0.6049525 0.5550799 0.6064831 0 P 0
L 0.5550799 0.6049525 0.5618609 0.6049525 0 P 0
L 0.5550799 0.6064831 0.5610324 0.6064832 0 P 0
L 0.5550799 0.608524 0.5550799 0.6100972 0 P 0
L 0.5550799 0.608524 0.561245 0.608524 0 P 0
L 0.5550799 0.6100972 0.5634984 0.6100972 0 P 0
L 0.5550799 0.612223 0.5550799 0.6138812 0 P 0
L 0.5550799 0.612223 0.5676652 0.612223 0 P 0
L 0.5550799 0.6138812 0.5676652 0.6138812 0 P 0
L 0.5553794 0.5781329 0.5554201 0.5780785 0 P 0
L 0.5553794 0.581237 0.5554201 0.5812914 0 P 0
L 0.5554494 0.5847211 0.5556327 0.584544 0 P 0
L 0.5564666 0.6222171 0.5669237 0.6246459 0 P 0
L 0.5566228 0.6212424 0.5671061 0.6236772 0 P 0
L 0.5570841 0.6254651 0.5570841 0.6294518 0 P 0
L 0.5570841 0.6254651 0.5635131 0.6269583 0 P 0
L 0.5570841 0.6294518 0.563513 0.630945 0 P 0
L 0.5575124 0.5838212 0.5578861 0.5838212 0 P 0
L 0.557877 0.5852594 0.5578861 0.5852587 0 P 0
L 0.5578861 0.5838212 0.5578861 0.5852587 0 P 0
L 0.5589916 0.5837362 0.5589916 0.5852668 0 P 0
L 0.5589916 0.5837362 0.5597569 0.5837362 0 P 0
L 0.5589916 0.5852668 0.5589916 0.5876053 0 P 0
L 0.5589916 0.5852668 0.5602246 0.5852668 0 P 0
L 0.5589916 0.5852668 0.5602246 0.5852668 0 P 0
L 0.5602246 0.5852668 0.5602246 0.5876053 0 P 0
L 0.5602246 0.5852668 0.5608623 0.5852668 0 P 0
L 0.5618614 0.5788736 0.5620198 0.5789964 0 P 0
L 0.5618614 0.5804963 0.5620198 0.5803734 0 P 0
L 0.5623071 0.579549 0.5636668 0.5794018 0 P 0
L 0.5623071 0.579549 0.5636668 0.5794018 0 P 0
L 0.5623079 0.6001905 0.5623079 0.601381 0 P 0
L 0.5623079 0.6001905 0.5634984 0.6001905 0 P 0
L 0.5623079 0.6029542 0.5623079 0.6038045 0 P 0
L 0.5623079 0.6038045 0.5634984 0.6038045 0 P 0
L 0.5626906 0.573922 0.5634984 0.573922 0 P 0
L 0.5626906 0.594153 0.5634984 0.594153 0 P 0
L 0.5626906 0.6085665 0.5634984 0.6085665 0 P 0
L 0.5634984 0.573922 0.5634984 0.5754526 0 P 0
L 0.5634984 0.594153 0.5634984 0.5956837 0 P 0
L 0.5634984 0.5976395 0.5634984 0.5991701 0 P 0
L 0.5634984 0.6001905 0.5634984 0.601381 0 P 0
L 0.5634984 0.601381 0.5664322 0.601381 0 P 0
L 0.5634984 0.6029542 0.5634984 0.6038045 0 P 0
L 0.5634984 0.6029542 0.5667039 0.6029542 0 P 0
L 0.5634984 0.6085665 0.5634984 0.6100972 0 P 0
L 0.563513 0.630945 0.5635131 0.6269583 0 P 0
L 0.5669237 0.6246459 0.5670537 0.6246761 0 P 0
L 0.5669849 0.6001055 0.568388 0.6001055 0 P 0
L 0.5676652 0.612223 0.5676652 0.6138812 0 P 0
