#Layer_Color=5220458
#
#Feature symbol names
#
$0 r1.9685
$1 r3.937
$2 r10

#
#Feature attribute names
#

#
#Layer features
#
L 0.0407409 0.1672361 0.1092447 0.1672361 0 P 0
L 0.0407409 0.1672362 0.0407409 0.1987323 0 P 0
L 0.0407409 0.1987323 0.1092447 0.1987323 0 P 0
L 0.0802371 0.2146821 0.0802371 0.3564141 0 P 0
L 0.0802371 0.2146821 0.1865371 0.2146821 0 P 0
L 0.0802371 0.3564141 0.1865371 0.3564141 0 P 0
L 0.0986981 0.3659839 0.0987294 0.3659839 2 P 0
L 0.0987294 0.3611545 0.0987294 0.3659839 2 P 0
L 0.0987294 0.3659839 0.0987294 0.3659999 2 P 0
L 0.0987294 0.3659839 0.2110243 0.3659839 2 P 0
L 0.0987294 0.3659999 0.0987294 1.6502792 2 P 0
L 0.0987294 0.3659999 0.8485124 0.3659999 2 P 0
L 0.0987294 1.6502792 0.1014503 1.6502792 2 P 0
L 0.1014503 1.6502792 0.1041712 1.6530001 2 P 0
L 0.1041712 1.6530001 0.8520085 1.6530001 2 P 0
L 0.1092447 0.1672361 0.1092447 0.1987322 0 P 0
L 0.1126067 0.33579 0.1126067 1.5956326 1 P 0
L 0.1126067 0.33579 0.9472523 0.33579 1 P 0
L 0.1126067 1.5956326 0.9472523 1.5956326 1 P 0
L 0.1137011 0.2855481 0.1530731 0.2855481 1 P 0
L 0.1333871 0.2658641 0.1333871 0.3052341 1 P 0
L 0.1358353 0.3562991 0.9232369 0.3562991 1 P 0
L 0.1358353 1.5767715 0.9232369 1.5767715 1 P 0
L 0.1358354 0.3562991 0.1358354 1.5767715 1 P 0
L 0.1367409 0.1672361 0.2052447 0.1672361 0 P 0
L 0.1367409 0.1672362 0.1367409 0.1987323 0 P 0
L 0.1367409 0.1987323 0.2052447 0.1987323 0 P 0
L 0.1865371 0.2146821 0.1865371 0.3564141 0 P 0
L 0.2052447 0.1672361 0.2052447 0.1987322 0 P 0
L 0.2327409 0.1672361 0.3012447 0.1672361 0 P 0
L 0.2327409 0.1672362 0.2327409 0.1987323 0 P 0
L 0.2327409 0.1987323 0.3012447 0.1987323 0 P 0
L 0.3012447 0.1672361 0.3012447 0.1987322 0 P 0
L 0.3035992 0.2290786 0.3035992 0.2975824 0 P 0
L 0.3035992 0.2290786 0.3350953 0.2290786 0 P 0
L 0.3035993 0.2975824 0.3350954 0.2975824 0 P 0
L 0.3287409 0.1672361 0.3972447 0.1672361 0 P 0
L 0.3287409 0.1672362 0.3287409 0.1987323 0 P 0
L 0.3287409 0.1987323 0.3972447 0.1987323 0 P 0
L 0.3350954 0.2290786 0.3350954 0.2975824 0 P 0
L 0.3411493 0.2198274 0.3411493 0.3615594 0 P 0
L 0.3411493 0.2198274 0.4474493 0.2198274 0 P 0
L 0.3411493 0.3615594 0.4474493 0.3615594 0 P 0
L 0.3524181 0.4396295 0.4209219 0.4396295 0 P 0
L 0.3524181 0.4396296 0.3524181 0.4711257 0 P 0
L 0.3524181 0.4711257 0.4209219 0.4711257 0 P 0
L 0.3525992 0.4768893 0.421103 0.4768893 0 P 0
L 0.3525992 0.4768894 0.3525992 0.5083855 0 P 0
L 0.3525992 0.5083855 0.421103 0.5083855 0 P 0
L 0.3526149 0.5137791 0.4211187 0.5137791 0 P 0
L 0.3526149 0.5137792 0.3526149 0.5452753 0 P 0
L 0.3526149 0.5452752 0.4211187 0.5452752 0 P 0
L 0.3746133 0.2906934 0.4139853 0.2906934 1 P 0
L 0.3802848 1.6356499 0.3802848 1.7041537 0 P 0
L 0.3802848 1.6356499 0.4117809 1.6356499 0 P 0
L 0.3802849 1.7041537 0.411781 1.7041537 0 P 0
L 0.3942993 0.2710094 0.3942993 0.3103794 1 P 0
L 0.3972447 0.1672361 0.3972447 0.1987322 0 P 0
L 0.411781 1.6356499 0.411781 1.7041537 0 P 0
L 0.4186932 1.6352895 0.4186932 1.7037933 0 P 0
L 0.4186932 1.6352895 0.4501893 1.6352895 0 P 0
L 0.4186933 1.7037933 0.4501894 1.7037933 0 P 0
L 0.4209219 0.4396295 0.4209219 0.4711256 0 P 0
L 0.421103 0.4768893 0.421103 0.5083854 0 P 0
L 0.4211187 0.5137791 0.4211187 0.5452752 0 P 0
L 0.4237409 0.1672361 0.4922447 0.1672361 0 P 0
L 0.4237409 0.1672362 0.4237409 0.1987323 0 P 0
L 0.4237409 0.1987323 0.4922447 0.1987323 0 P 0
L 0.4462407 1.4022187 0.5147445 1.4022187 0 P 0
L 0.4462407 1.4022188 0.4462407 1.4337149 0 P 0
L 0.4462407 1.4337149 0.5147445 1.4337149 0 P 0
L 0.446682 1.437689 0.5151858 1.437689 0 P 0
L 0.446682 1.4376891 0.446682 1.4691852 0 P 0
L 0.446682 1.4691852 0.5151858 1.4691852 0 P 0
L 0.4474493 0.2198274 0.4474493 0.3615594 0 P 0
L 0.4501893 1.6352895 0.4501893 1.7037933 0 P 0
L 0.4520917 1.2446271 0.4520917 1.3965951 1 P 0
L 0.4520917 1.2446271 0.5902797 1.2446271 1 P 0
L 0.4520917 1.3965951 0.5902797 1.3965951 1 P 0
L 0.4524459 0.2381339 0.483942 0.2381339 0 P 0
L 0.452446 0.2381339 0.452446 0.3066377 0 P 0
L 0.452446 0.3066377 0.4839421 0.3066377 0 P 0
L 0.4541606 0.8431695 0.4541606 0.8746656 0 P 0
L 0.4541606 0.8431695 0.5226644 0.8431695 0 P 0
L 0.4541606 0.8746656 0.5226644 0.8746656 0 P 0
L 0.4549614 0.7193304 0.4549614 0.7508265 0 P 0
L 0.4549614 0.7193304 0.5234652 0.7193304 0 P 0
L 0.4549614 0.7508265 0.5234652 0.7508265 0 P 0
L 0.455607 1.6051382 0.455607 1.7571066 1 P 0
L 0.455607 1.6051382 0.5937959 1.6051382 1 P 0
L 0.455607 1.7571066 0.5937959 1.7571066 1 P 0
L 0.4557837 0.7817039 0.4557837 0.8132 0 P 0
L 0.4557837 0.7817039 0.5242875 0.7817039 0 P 0
L 0.4557837 0.8132 0.5242875 0.8132 0 P 0
L 0.4647681 1.1470097 0.5332719 1.1470097 0 P 0
L 0.4647681 1.1470098 0.4647681 1.1785059 0 P 0
L 0.4647681 1.1785058 0.5332719 1.1785058 0 P 0
L 0.4647681 1.1801199 0.5332719 1.1801199 0 P 0
L 0.4647681 1.18012 0.4647681 1.2116161 0 P 0
L 0.4647681 1.211616 0.5332719 1.211616 0 P 0
L 0.4668987 0.4483624 0.5354025 0.4483624 0 P 0
L 0.4668987 0.4483625 0.4668987 0.4798586 0 P 0
L 0.4668987 0.4798586 0.5354025 0.4798586 0 P 0
L 0.4696946 1.5838186 0.5381984 1.5838186 0 P 0
L 0.4696946 1.5838187 0.4696946 1.6153148 0 P 0
L 0.4696946 1.6153148 0.5381984 1.6153148 0 P 0
L 0.4704737 0.5342504 0.4704737 0.6681104 1 P 0
L 0.4704737 0.5342504 0.6043317 0.5342504 1 P 0
L 0.4704737 0.6681104 0.6043317 0.6681104 1 P 0
L 0.4839421 0.2381339 0.4839421 0.3066377 0 P 0
L 0.4922447 0.1672361 0.4922447 0.1987322 0 P 0
L 0.4989964 0.9603501 0.4989964 1.0288539 0 P 0
L 0.4989964 0.9603501 0.5304925 0.9603501 0 P 0
L 0.4989965 1.0288539 0.5304926 1.0288539 0 P 0
L 0.5009097 1.3206111 0.5402797 1.3206111 1 P 0
L 0.5022963 0.1672361 0.5708001 0.1672361 0 P 0
L 0.5022963 0.1672362 0.5022963 0.1987323 0 P 0
L 0.5022963 0.1987323 0.5708001 0.1987323 0 P 0
L 0.5036479 1.0672847 0.5036479 1.1357885 0 P 0
L 0.5036479 1.0672847 0.535144 1.0672847 0 P 0
L 0.503648 1.1357885 0.5351441 1.1357885 0 P 0
L 0.5044259 1.6811224 0.5437959 1.6811224 1 P 0
L 0.5098511 0.9665353 0.5492211 0.9665353 1 P 0
L 0.5102445 0.9657113 0.5496145 0.9657113 1 P 0
L 0.5147445 1.4022187 0.5147445 1.4337148 0 P 0
L 0.5151858 1.437689 0.5151858 1.4691851 0 P 0
L 0.5177177 0.6011804 0.5570877 0.6011804 1 P 0
L 0.5197646 1.4343425 0.5882684 1.4343425 0 P 0
L 0.5197646 1.4343426 0.5197646 1.4658387 0 P 0
L 0.5197646 1.4658387 0.5882684 1.4658387 0 P 0
L 0.5205957 1.3009251 0.5205957 1.3402951 1 P 0
L 0.5209026 1.4010375 0.5894064 1.4010375 0 P 0
L 0.5209026 1.4010376 0.5209026 1.4325337 0 P 0
L 0.5209026 1.4325336 0.5894064 1.4325336 0 P 0
L 0.5226644 0.8431694 0.5226644 0.8746655 0 P 0
L 0.5234652 0.7193303 0.5234652 0.7508264 0 P 0
L 0.5241109 1.6614374 0.5241109 1.7008074 1 P 0
L 0.5242875 0.7817038 0.5242875 0.8131999 0 P 0
L 0.5276823 0.8104934 0.5961861 0.8104934 0 P 0
L 0.5276823 0.8104935 0.5276823 0.8419896 0 P 0
L 0.5276823 0.8419896 0.5961861 0.8419896 0 P 0
L 0.5295361 0.9468503 0.5295361 0.9862203 1 P 0
L 0.5299295 0.9460263 0.5299295 0.9853963 1 P 0
L 0.5304926 0.9603501 0.5304926 1.0288539 0 P 0
L 0.5332719 1.1470097 0.5332719 1.1785058 0 P 0
L 0.5332719 1.1801199 0.5332719 1.211616 0 P 0
L 0.5351441 1.0672847 0.5351441 1.1357885 0 P 0
L 0.5354025 0.4483624 0.5354025 0.4798585 0 P 0
L 0.5374037 0.5814944 0.5374037 0.6208644 1 P 0
L 0.5381984 1.5838186 0.5381984 1.6153147 0 P 0
L 0.5403676 0.8917074 0.6088714 0.8917074 0 P 0
L 0.5403676 0.8917075 0.5403676 0.9232036 0 P 0
L 0.5403676 0.9232035 0.6088714 0.9232035 0 P 0
L 0.5409123 1.0957805 0.5409123 1.1642843 0 P 0
L 0.5409123 1.0957805 0.5724084 1.0957805 0 P 0
L 0.5409124 1.1642843 0.5724085 1.1642843 0 P 0
L 0.5413399 0.9524572 0.5413399 1.020961 0 P 0
L 0.5413399 0.9524572 0.572836 0.9524572 0 P 0
L 0.54134 1.020961 0.5728361 1.020961 0 P 0
L 0.5482593 0.4483435 0.6167631 0.4483435 0 P 0
L 0.5482593 0.4483436 0.5482593 0.4798397 0 P 0
L 0.5482593 0.4798397 0.6167631 0.4798397 0 P 0
L 0.5502524 0.7714988 0.6187562 0.7714988 0 P 0
L 0.5502524 0.7714989 0.5502524 0.802995 0 P 0
L 0.5502524 0.802995 0.6187562 0.802995 0 P 0
L 0.5650439 0.4959677 0.6335477 0.4959677 0 P 0
L 0.5650439 0.4959678 0.5650439 0.5274639 0 P 0
L 0.5650439 0.5274639 0.6335477 0.5274639 0 P 0
L 0.5672551 0.2355588 0.5672551 0.3040626 0 P 0
L 0.5672551 0.2355588 0.5987512 0.2355588 0 P 0
L 0.5672552 0.3040626 0.5987513 0.3040626 0 P 0
L 0.5708001 0.1672361 0.5708001 0.1987322 0 P 0
L 0.5724085 1.0957805 0.5724085 1.1642843 0 P 0
L 0.5726011 0.6719114 0.6411049 0.6719114 0 P 0
L 0.5726011 0.6719115 0.5726011 0.7034076 0 P 0
L 0.5726011 0.7034076 0.6411049 0.7034076 0 P 0
L 0.5727977 0.7089527 0.5727977 0.7404488 0 P 0
L 0.5727977 0.7089527 0.6413015 0.7089527 0 P 0
L 0.5727977 0.7404488 0.6413015 0.7404488 0 P 0
L 0.5728361 0.9524572 0.5728361 1.020961 0 P 0
L 0.5753569 1.1745357 0.5753569 1.2430395 0 P 0
L 0.5753569 1.1745357 0.606853 1.1745357 0 P 0
L 0.575357 1.2430395 0.6068531 1.2430395 0 P 0
L 0.5882684 1.4343425 0.5882684 1.4658386 0 P 0
L 0.5894064 1.4010375 0.5894064 1.4325336 0 P 0
L 0.5897409 0.1672361 0.6582447 0.1672361 0 P 0
L 0.5897409 0.1672362 0.5897409 0.1987323 0 P 0
L 0.5897409 0.1987323 0.6582447 0.1987323 0 P 0
L 0.5902797 1.2446271 0.5902797 1.3965951 1 P 0
L 0.5937959 1.6051382 0.5937959 1.7571066 1 P 0
L 0.5961861 0.8104934 0.5961861 0.8419895 0 P 0
L 0.5987513 0.2355588 0.5987513 0.3040626 0 P 0
L 0.5994205 1.2703834 0.6679243 1.2703834 0 P 0
L 0.5994205 1.2703835 0.5994205 1.3018796 0 P 0
L 0.5994205 1.3018795 0.6679243 1.3018795 0 P 0
L 0.600498 1.3074024 0.600498 1.3759062 0 P 0
L 0.600498 1.3074024 0.6319941 1.3074024 0 P 0
L 0.6004981 1.3759062 0.6319942 1.3759062 0 P 0
L 0.6043317 0.5342504 0.6043317 0.6681104 1 P 0
L 0.6068531 1.1745357 0.6068531 1.2430395 0 P 0
L 0.6088714 0.8917074 0.6088714 0.9232035 0 P 0
L 0.6098226 0.2265753 0.6098226 0.3683073 0 P 0
L 0.6098226 0.2265753 0.7161226 0.2265753 0 P 0
L 0.6098226 0.3683073 0.7161226 0.3683073 0 P 0
L 0.6167631 0.4483435 0.6167631 0.4798396 0 P 0
L 0.6187562 0.7714988 0.6187562 0.8029949 0 P 0
L 0.6319942 1.3074024 0.6319942 1.3759062 0 P 0
L 0.6335477 0.4959677 0.6335477 0.5274638 0 P 0
L 0.6411049 0.6719114 0.6411049 0.7034075 0 P 0
L 0.6413015 0.7089526 0.6413015 0.7404487 0 P 0
L 0.6432886 0.2974413 0.6826586 0.2974413 1 P 0
L 0.6582447 0.1672361 0.6582447 0.1987322 0 P 0
L 0.6595361 0.1672361 0.7280399 0.1672361 0 P 0
L 0.6595361 0.1672362 0.6595361 0.1987323 0 P 0
L 0.6595361 0.1987323 0.7280399 0.1987323 0 P 0
L 0.6629726 0.2777573 0.6629726 0.3171273 1 P 0
L 0.6679243 1.2703834 0.6679243 1.3018795 0 P 0
L 0.6702421 0.4703524 0.6702421 0.5388562 0 P 0
L 0.6702421 0.4703524 0.7017382 0.4703524 0 P 0
L 0.6702422 0.5388562 0.7017383 0.5388562 0 P 0
L 0.7017383 0.4703524 0.7017383 0.5388562 0 P 0
L 0.7161226 0.2265753 0.7161226 0.3683073 0 P 0
L 0.7280399 0.1672361 0.7280399 0.1987322 0 P 0
L 0.7304609 0.2323983 0.761957 0.2323983 0 P 0
L 0.730461 0.2323983 0.730461 0.3009021 0 P 0
L 0.730461 0.3009021 0.7619571 0.3009021 0 P 0
L 0.7619571 0.2323983 0.7619571 0.3009021 0 P 0
L 0.806537 0.1945827 0.806537 0.2630865 0 P 0
L 0.806537 0.1945827 0.8380331 0.1945827 0 P 0
L 0.806537 0.276922 0.8380331 0.276922 0 P 0
L 0.8065371 0.2630865 0.8380332 0.2630865 0 P 0
L 0.8065371 0.276922 0.8065371 0.3454258 0 P 0
L 0.8065371 0.3454258 0.8380332 0.3454258 0 P 0
L 0.8380331 0.1945827 0.8380331 0.2630865 0 P 0
L 0.8380332 0.276922 0.8380332 0.3454258 0 P 0
L 0.8520085 1.6530001 0.8584734 1.6465352 2 P 0
L 0.8584734 0.3759609 0.8584734 1.6465352 2 P 0
L 0.9090559 0.1818269 0.9775597 0.1818269 0 P 0
L 0.9090559 0.181827 0.9090559 0.2133231 0 P 0
L 0.9090559 0.2133231 0.9775597 0.2133231 0 P 0
L 0.9090559 0.2284882 0.9775597 0.2284882 0 P 0
L 0.9090559 0.2284883 0.9090559 0.2599844 0 P 0
L 0.9090559 0.2599843 0.9775597 0.2599843 0 P 0
L 0.9090559 0.2776104 0.9775597 0.2776104 0 P 0
L 0.9090559 0.2776105 0.9090559 0.3091066 0 P 0
L 0.9090559 0.3091066 0.9775597 0.3091066 0 P 0
L 0.9090559 0.3259847 0.9775597 0.3259847 0 P 0
L 0.9090559 0.3259848 0.9090559 0.3574809 0 P 0
L 0.9090559 0.3574808 0.9775597 0.3574808 0 P 0
L 0.9232368 0.3562991 0.9232368 1.5767715 1 P 0
L 0.9472523 0.33579 0.9472523 1.5956326 1 P 0
L 0.9775597 0.1818269 0.9775597 0.213323 0 P 0
L 0.9775597 0.2284882 0.9775597 0.2599843 0 P 0
L 0.9775597 0.2776104 0.9775597 0.3091065 0 P 0
L 0.9775597 0.3259847 0.9775597 0.3574808 0 P 0
L 0.985734 1.3675828 0.985734 1.4360866 0 P 0
L 0.985734 1.3675828 1.0172301 1.3675828 0 P 0
L 0.9857341 1.4360866 1.0172302 1.4360866 0 P 0
L 1.0074663 0.7378091 1.0074663 0.7693052 0 P 0
L 1.0074663 0.7378091 1.0759701 0.7378091 0 P 0
L 1.0074663 0.7693052 1.0759701 0.7693052 0 P 0
L 1.0074663 0.7789178 1.0759701 0.7789178 0 P 0
L 1.0074663 0.7789179 1.0074663 0.810414 0 P 0
L 1.0074663 0.810414 1.0759701 0.810414 0 P 0
L 1.0074663 0.8235742 1.0074663 0.8550703 0 P 0
L 1.0074663 0.8235742 1.0759701 0.8235742 0 P 0
L 1.0074663 0.8550703 1.0759701 0.8550703 0 P 0
L 1.0074663 0.868229 1.0759701 0.868229 0 P 0
L 1.0074663 0.8682291 1.0074663 0.8997252 0 P 0
L 1.0074663 0.8997252 1.0759701 0.8997252 0 P 0
L 1.0074663 0.9131107 1.0759701 0.9131107 0 P 0
L 1.0074663 0.9131108 1.0074663 0.9446069 0 P 0
L 1.0074663 0.9446069 1.0759701 0.9446069 0 P 0
L 1.0074663 0.9505362 1.0759701 0.9505362 0 P 0
L 1.0074663 0.9505363 1.0074663 0.9820324 0 P 0
L 1.0074663 0.9820324 1.0759701 0.9820324 0 P 0
L 1.0074663 0.9912172 1.0759701 0.9912172 0 P 0
L 1.0074663 0.9912173 1.0074663 1.0227134 0 P 0
L 1.0074663 1.0227133 1.0759701 1.0227133 0 P 0
L 1.0074663 1.0334367 1.0759701 1.0334367 0 P 0
L 1.0074663 1.0334368 1.0074663 1.0649329 0 P 0
L 1.0074663 1.0649329 1.0759701 1.0649329 0 P 0
L 1.0074663 1.0786328 1.0759701 1.0786328 0 P 0
L 1.0074663 1.0786329 1.0074663 1.110129 0 P 0
L 1.0074663 1.1101289 1.0759701 1.1101289 0 P 0
L 1.0074663 1.1204908 1.0759701 1.1204908 0 P 0
L 1.0074663 1.1204909 1.0074663 1.151987 0 P 0
L 1.0074663 1.151987 1.0759701 1.151987 0 P 0
L 1.0074811 0.3787872 1.0759849 0.3787872 0 P 0
L 1.0074811 0.3787873 1.0074811 0.4102834 0 P 0
L 1.0074811 0.4102834 1.0759849 0.4102834 0 P 0
L 1.0074811 0.4256956 1.0759849 0.4256956 0 P 0
L 1.0074811 0.4256957 1.0074811 0.4571918 0 P 0
L 1.0074811 0.4571918 1.0759849 0.4571918 0 P 0
L 1.0074811 0.4709713 1.0759849 0.4709713 0 P 0
L 1.0074811 0.4709714 1.0074811 0.5024675 0 P 0
L 1.0074811 0.5024675 1.0759849 0.5024675 0 P 0
L 1.0074811 0.5233486 1.0759849 0.5233486 0 P 0
L 1.0074811 0.5233487 1.0074811 0.5548448 0 P 0
L 1.0074811 0.5548448 1.0759849 0.5548448 0 P 0
L 1.0074811 0.568529 1.0759849 0.568529 0 P 0
L 1.0074811 0.5685291 1.0074811 0.6000252 0 P 0
L 1.0074811 0.6000252 1.0759849 0.6000252 0 P 0
L 1.0074811 0.6095523 1.0759849 0.6095523 0 P 0
L 1.0074811 0.6095524 1.0074811 0.6410485 0 P 0
L 1.0074811 0.6410485 1.0759849 0.6410485 0 P 0
L 1.0074811 0.6556835 1.0759849 0.6556835 0 P 0
L 1.0074811 0.6556836 1.0074811 0.6871797 0 P 0
L 1.0074811 0.6871797 1.0759849 0.6871797 0 P 0
L 1.0074811 0.6969691 1.0759849 0.6969691 0 P 0
L 1.0074811 0.6969692 1.0074811 0.7284653 0 P 0
L 1.0074811 0.7284653 1.0759849 0.7284653 0 P 0
L 1.0172301 1.3675828 1.0172301 1.4360866 0 P 0
L 1.0185739 1.3675828 1.0185739 1.4360866 0 P 0
L 1.0185739 1.3675828 1.05007 1.3675828 0 P 0
L 1.018574 1.4360866 1.0500701 1.4360866 0 P 0
L 1.0370786 1.8201299 1.0370786 1.8886337 0 P 0
L 1.0370786 1.8201299 1.0685747 1.8201299 0 P 0
L 1.0370787 1.8886337 1.0685748 1.8886337 0 P 0
L 1.05007 1.3675828 1.05007 1.4360866 0 P 0
L 1.0539592 1.4895739 1.0539592 1.7966599 1 P 0
L 1.0539592 1.4895739 1.3334852 1.4895739 1 P 0
L 1.0539592 1.7966599 1.3334852 1.7966599 1 P 0
L 1.0550267 1.3675827 1.0550267 1.4360865 0 P 0
L 1.0550267 1.3675827 1.0865228 1.3675827 0 P 0
L 1.0550268 1.4360865 1.0865229 1.4360865 0 P 0
L 1.0584195 0.267494 1.1269233 0.267494 0 P 0
L 1.0584195 0.2674941 1.0584195 0.2989902 0 P 0
L 1.0584195 0.2989902 1.1269233 0.2989902 0 P 0
L 1.0584195 0.3077545 1.1269233 0.3077545 0 P 0
L 1.0584195 0.3077546 1.0584195 0.3392507 0 P 0
L 1.0584195 0.3392507 1.1269233 0.3392507 0 P 0
L 1.0685748 1.8201299 1.0685748 1.8886337 0 P 0
L 1.0759701 0.737809 1.0759701 0.7693051 0 P 0
L 1.0759701 0.7789178 1.0759701 0.8104139 0 P 0
L 1.0759701 0.8235741 1.0759701 0.8550702 0 P 0
L 1.0759701 0.868229 1.0759701 0.8997251 0 P 0
L 1.0759701 0.9131107 1.0759701 0.9446068 0 P 0
L 1.0759701 0.9505362 1.0759701 0.9820323 0 P 0
L 1.0759701 0.9912172 1.0759701 1.0227133 0 P 0
L 1.0759701 1.0334367 1.0759701 1.0649328 0 P 0
L 1.0759701 1.0786328 1.0759701 1.1101289 0 P 0
L 1.0759701 1.1204908 1.0759701 1.1519869 0 P 0
L 1.0759849 0.3787872 1.0759849 0.4102833 0 P 0
L 1.0759849 0.4256956 1.0759849 0.4571917 0 P 0
L 1.0759849 0.4709713 1.0759849 0.5024674 0 P 0
L 1.0759849 0.5233486 1.0759849 0.5548447 0 P 0
L 1.0759849 0.568529 1.0759849 0.6000251 0 P 0
L 1.0759849 0.6095523 1.0759849 0.6410484 0 P 0
L 1.0759849 0.6556835 1.0759849 0.6871796 0 P 0
L 1.0759849 0.6969691 1.0759849 0.7284652 0 P 0
L 1.0797257 1.8201483 1.0797257 1.8886521 0 P 0
L 1.0797257 1.8201483 1.1112218 1.8201483 0 P 0
L 1.0797258 1.8886521 1.1112219 1.8886521 0 P 0
L 1.0810932 1.6043299 1.0810932 1.6909439 1 P 0
L 1.0810932 1.6043299 1.1834552 1.6043299 1 P 0
L 1.0810932 1.6909439 1.1834552 1.6909439 1 P 0
L 1.0844387 0.7909937 1.1529425 0.7909937 0 P 0
L 1.0844387 0.7909938 1.0844387 0.8224899 0 P 0
L 1.0844387 0.8224899 1.1529425 0.8224899 0 P 0
L 1.0857981 0.7291984 1.1543019 0.7291984 0 P 0
L 1.0857981 0.7291985 1.0857981 0.7606946 0 P 0
L 1.0857981 0.7606946 1.1543019 0.7606946 0 P 0
L 1.0857981 0.8663772 1.0857981 0.8978733 0 P 0
L 1.0857981 0.8663772 1.1543019 0.8663772 0 P 0
L 1.0857981 0.8978733 1.1543019 0.8978733 0 P 0
L 1.0865229 1.3675827 1.0865229 1.4360865 0 P 0
L 1.0930568 1.3670005 1.0930568 1.4355043 0 P 0
L 1.0930568 1.3670005 1.1245529 1.3670005 0 P 0
L 1.0930569 1.4355043 1.124553 1.4355043 0 P 0
L 1.1112218 1.8201483 1.1112218 1.8886521 0 P 0
L 1.1125892 1.6476359 1.1519592 1.6476359 1 P 0
L 1.124553 1.3670005 1.124553 1.4355043 0 P 0
L 1.1269233 0.267494 1.1269233 0.2989901 0 P 0
L 1.1269233 0.3077545 1.1269233 0.3392506 0 P 0
L 1.1311572 1.3669618 1.1311572 1.4354656 0 P 0
L 1.1311572 1.3669618 1.1626533 1.3669618 0 P 0
L 1.1311573 1.4354656 1.1626534 1.4354656 0 P 0
L 1.1322752 1.6279519 1.1322752 1.6673219 1 P 0
L 1.141794 0.2674799 1.2102978 0.2674799 0 P 0
L 1.141794 0.26748 1.141794 0.2989761 0 P 0
L 1.141794 0.298976 1.2102978 0.298976 0 P 0
L 1.141794 0.3077555 1.2102978 0.3077555 0 P 0
L 1.141794 0.3077556 1.141794 0.3392517 0 P 0
L 1.141794 0.3392517 1.2102978 0.3392517 0 P 0
L 1.1418118 0.1818269 1.2103156 0.1818269 0 P 0
L 1.1418118 0.181827 1.1418118 0.2133231 0 P 0
L 1.1418118 0.213323 1.2103156 0.213323 0 P 0
L 1.1418118 0.2257691 1.2103156 0.2257691 0 P 0
L 1.1418118 0.2257692 1.1418118 0.2572653 0 P 0
L 1.1418118 0.2572653 1.2103156 0.2572653 0 P 0
L 1.1468901 0.3435173 1.1468901 0.6191079 1 P 0
L 1.1468901 0.3435173 1.3043647 0.3435173 1 P 0
L 1.1468901 0.6191079 1.3043647 0.6191079 1 P 0
L 1.1486137 0.8336367 1.1486137 1.1092273 1 P 0
L 1.1486137 0.8336367 1.3060883 0.8336367 1 P 0
L 1.1486137 1.1092273 1.3060883 1.1092273 1 P 0
L 1.1529425 0.7909937 1.1529425 0.8224898 0 P 0
L 1.1543019 0.7291984 1.1543019 0.7606945 0 P 0
L 1.1543019 0.8663771 1.1543019 0.8978732 0 P 0
L 1.1626534 1.3669618 1.1626534 1.4354656 0 P 0
L 1.1740372 1.6431179 1.2134072 1.6431179 1 P 0
L 1.1834552 1.6043299 1.1834552 1.6909439 1 P 0
L 1.1865114 1.1544494 1.2550152 1.1544494 0 P 0
L 1.1865114 1.1544495 1.1865114 1.1859456 0 P 0
L 1.1865114 1.1859456 1.2550152 1.1859456 0 P 0
L 1.1865114 1.1949983 1.2550152 1.1949983 0 P 0
L 1.1865114 1.1949984 1.1865114 1.2264945 0 P 0
L 1.1865114 1.2264945 1.2550152 1.2264945 0 P 0
L 1.1865114 1.2361503 1.2550152 1.2361503 0 P 0
L 1.1865114 1.2361504 1.1865114 1.2676465 0 P 0
L 1.1865114 1.2676465 1.2550152 1.2676465 0 P 0
L 1.1865214 1.1151896 1.2550252 1.1151896 0 P 0
L 1.1865214 1.1151897 1.1865214 1.1466858 0 P 0
L 1.1865214 1.1466857 1.2550252 1.1466857 0 P 0
L 1.1937212 1.6234319 1.1937212 1.6628019 1 P 0
L 1.2046365 1.6043299 1.2046365 1.6909439 1 P 0
L 1.2046365 1.6043299 1.3069985 1.6043299 1 P 0
L 1.2046365 1.6909439 1.3069985 1.6909439 1 P 0
L 1.2059396 0.4813125 1.2453096 0.4813125 1 P 0
L 1.2076632 0.9714319 1.2470332 0.9714319 1 P 0
L 1.2102978 0.2674799 1.2102978 0.298976 0 P 0
L 1.2102978 0.3077555 1.2102978 0.3392516 0 P 0
L 1.2103156 0.1818269 1.2103156 0.213323 0 P 0
L 1.2103156 0.2257691 1.2103156 0.2572652 0 P 0
L 1.2256246 0.4616275 1.2256246 0.5009975 1 P 0
L 1.2271661 0.6157163 1.2956699 0.6157163 0 P 0
L 1.2271661 0.6157164 1.2271661 0.6472125 0 P 0
L 1.2271661 0.6472125 1.2956699 0.6472125 0 P 0
L 1.2271661 0.7291984 1.2956699 0.7291984 0 P 0
L 1.2271661 0.7291985 1.2271661 0.7606946 0 P 0
L 1.2271661 0.7606946 1.2956699 0.7606946 0 P 0
L 1.2271661 0.7677239 1.2956699 0.7677239 0 P 0
L 1.2271661 0.767724 1.2271661 0.7992201 0 P 0
L 1.2271661 0.7992201 1.2956699 0.7992201 0 P 0
L 1.2271661 0.8056121 1.2271661 0.8371082 0 P 0
L 1.2271661 0.8056121 1.2956699 0.8056121 0 P 0
L 1.2271661 0.8371082 1.2956699 0.8371082 0 P 0
L 1.2271705 0.653404 1.2956743 0.653404 0 P 0
L 1.2271705 0.6534041 1.2271705 0.6849002 0 P 0
L 1.2271705 0.6849001 1.2956743 0.6849001 0 P 0
L 1.2273482 0.9517469 1.2273482 0.9911169 1 P 0
L 1.2278819 0.6929053 1.2963857 0.6929053 0 P 0
L 1.2278819 0.6929054 1.2278819 0.7244015 0 P 0
L 1.2278819 0.7244015 1.2963857 0.7244015 0 P 0
L 1.2361325 1.6476359 1.2755025 1.6476359 1 P 0
L 1.2550152 1.1544494 1.2550152 1.1859455 0 P 0
L 1.2550152 1.1949983 1.2550152 1.2264944 0 P 0
L 1.2550152 1.2361503 1.2550152 1.2676464 0 P 0
L 1.2550252 1.1151896 1.2550252 1.1466857 0 P 0
L 1.2558185 1.6279519 1.2558185 1.6673219 1 P 0
L 1.287495 1.1151896 1.3559988 1.1151896 0 P 0
L 1.287495 1.1151897 1.287495 1.1466858 0 P 0
L 1.287495 1.1466857 1.3559988 1.1466857 0 P 0
L 1.287495 1.1582279 1.3559988 1.1582279 0 P 0
L 1.287495 1.158228 1.287495 1.1897241 0 P 0
L 1.287495 1.1897241 1.3559988 1.1897241 0 P 0
L 1.287495 1.2020468 1.3559988 1.2020468 0 P 0
L 1.287495 1.2020469 1.287495 1.233543 0 P 0
L 1.287495 1.233543 1.3559988 1.233543 0 P 0
L 1.2956699 0.6157163 1.2956699 0.6472124 0 P 0
L 1.2956699 0.7291984 1.2956699 0.7606945 0 P 0
L 1.2956699 0.7677239 1.2956699 0.79922 0 P 0
L 1.2956699 0.805612 1.2956699 0.8371081 0 P 0
L 1.2956743 0.653404 1.2956743 0.6849001 0 P 0
L 1.2963857 0.6929053 1.2963857 0.7244014 0 P 0
L 1.3043647 0.3435173 1.3043647 0.6191079 1 P 0
L 1.3047961 0.1818106 1.3732999 0.1818106 0 P 0
L 1.3047961 0.1818107 1.3047961 0.2133068 0 P 0
L 1.3047961 0.2133068 1.3732999 0.2133068 0 P 0
L 1.3047977 0.2213887 1.3733015 0.2213887 0 P 0
L 1.3047977 0.2213888 1.3047977 0.2528849 0 P 0
L 1.3047977 0.2528849 1.3733015 0.2528849 0 P 0
L 1.3047977 0.2622697 1.3733015 0.2622697 0 P 0
L 1.3047977 0.2622698 1.3047977 0.2937659 0 P 0
L 1.3047977 0.2937659 1.3733015 0.2937659 0 P 0
L 1.3047977 0.3026134 1.3733015 0.3026134 0 P 0
L 1.3047977 0.3026135 1.3047977 0.3341096 0 P 0
L 1.3047977 0.3341096 1.3733015 0.3341096 0 P 0
L 1.3047977 0.342797 1.3733015 0.342797 0 P 0
L 1.3047977 0.3427971 1.3047977 0.3742932 0 P 0
L 1.3047977 0.3742932 1.3733015 0.3742932 0 P 0
L 1.3052119 0.3897668 1.3737157 0.3897668 0 P 0
L 1.3052119 0.3897669 1.3052119 0.421263 0 P 0
L 1.3052119 0.4212629 1.3737157 0.4212629 0 P 0
L 1.305999 0.7651294 1.3745028 0.7651294 0 P 0
L 1.305999 0.7651295 1.305999 0.7966256 0 P 0
L 1.305999 0.7966256 1.3745028 0.7966256 0 P 0
L 1.305999 0.8047731 1.3745028 0.8047731 0 P 0
L 1.305999 0.8047732 1.305999 0.8362693 0 P 0
L 1.305999 0.8362693 1.3745028 0.8362693 0 P 0
L 1.305999 0.8461163 1.3745028 0.8461163 0 P 0
L 1.305999 0.8461164 1.305999 0.8776125 0 P 0
L 1.305999 0.8776124 1.3745028 0.8776124 0 P 0
L 1.305999 0.893032 1.3745028 0.893032 0 P 0
L 1.305999 0.8930321 1.305999 0.9245282 0 P 0
L 1.305999 0.9245281 1.3745028 0.9245281 0 P 0
L 1.305999 0.9365845 1.3745028 0.9365845 0 P 0
L 1.305999 0.9365846 1.305999 0.9680807 0 P 0
L 1.305999 0.9680806 1.3745028 0.9680806 0 P 0
L 1.305999 0.9788539 1.3745028 0.9788539 0 P 0
L 1.305999 0.978854 1.305999 1.0103501 0 P 0
L 1.305999 1.0103501 1.3745028 1.0103501 0 P 0
L 1.305999 1.0230805 1.3745028 1.0230805 0 P 0
L 1.305999 1.0230806 1.305999 1.0545767 0 P 0
L 1.305999 1.0545766 1.3745028 1.0545766 0 P 0
L 1.305999 1.0667071 1.3745028 1.0667071 0 P 0
L 1.305999 1.0667072 1.305999 1.0982033 0 P 0
L 1.305999 1.0982033 1.3745028 1.0982033 0 P 0
L 1.3060096 0.7273206 1.3745134 0.7273206 0 P 0
L 1.3060096 0.7273207 1.3060096 0.7588168 0 P 0
L 1.3060096 0.7588168 1.3745134 0.7588168 0 P 0
L 1.3060883 0.8336367 1.3060883 1.1092273 1 P 0
L 1.3064957 0.4268189 1.3749995 0.4268189 0 P 0
L 1.3064957 0.426819 1.3064957 0.4583151 0 P 0
L 1.3064957 0.4583151 1.3749995 0.4583151 0 P 0
L 1.3064957 0.4673414 1.3749995 0.4673414 0 P 0
L 1.3064957 0.4673415 1.3064957 0.4988376 0 P 0
L 1.3064957 0.4988376 1.3749995 0.4988376 0 P 0
L 1.3064957 0.5062906 1.3749995 0.5062906 0 P 0
L 1.3064957 0.5062907 1.3064957 0.5377868 0 P 0
L 1.3064957 0.5377867 1.3749995 0.5377867 0 P 0
L 1.3064957 0.5437484 1.3749995 0.5437484 0 P 0
L 1.3064957 0.5437485 1.3064957 0.5752446 0 P 0
L 1.3064957 0.5752446 1.3749995 0.5752446 0 P 0
L 1.3069985 1.6043299 1.3069985 1.6909439 1 P 0
L 1.3273765 1.3675981 1.3273765 1.4361019 0 P 0
L 1.3273765 1.3675981 1.3588726 1.3675981 0 P 0
L 1.3273766 1.4361019 1.3588727 1.4361019 0 P 0
L 1.3334852 1.4895739 1.3334852 1.7966599 1 P 0
L 1.3559988 1.1151896 1.3559988 1.1466857 0 P 0
L 1.3559988 1.1582279 1.3559988 1.189724 0 P 0
L 1.3559988 1.2020468 1.3559988 1.2335429 0 P 0
L 1.3588727 1.3675981 1.3588727 1.4361019 0 P 0
L 1.3674798 1.3675981 1.3674798 1.4361019 0 P 0
L 1.3674798 1.3675981 1.3989759 1.3675981 0 P 0
L 1.3674799 1.4361019 1.398976 1.4361019 0 P 0
L 1.3732999 0.1818106 1.3732999 0.2133067 0 P 0
L 1.3733015 0.2213887 1.3733015 0.2528848 0 P 0
L 1.3733015 0.2622697 1.3733015 0.2937658 0 P 0
L 1.3733015 0.3026134 1.3733015 0.3341095 0 P 0
L 1.3733015 0.342797 1.3733015 0.3742931 0 P 0
L 1.3737157 0.3897668 1.3737157 0.4212629 0 P 0
L 1.3745028 0.7651294 1.3745028 0.7966255 0 P 0
L 1.3745028 0.8047731 1.3745028 0.8362692 0 P 0
L 1.3745028 0.8461163 1.3745028 0.8776124 0 P 0
L 1.3745028 0.893032 1.3745028 0.9245281 0 P 0
L 1.3745028 0.9365845 1.3745028 0.9680806 0 P 0
L 1.3745028 0.9788539 1.3745028 1.01035 0 P 0
L 1.3745028 1.0230805 1.3745028 1.0545766 0 P 0
L 1.3745028 1.0667071 1.3745028 1.0982032 0 P 0
L 1.3745134 0.7273206 1.3745134 0.7588167 0 P 0
L 1.3749995 0.4268189 1.3749995 0.458315 0 P 0
L 1.3749995 0.4673414 1.3749995 0.4988375 0 P 0
L 1.3749995 0.5062906 1.3749995 0.5377867 0 P 0
L 1.3749995 0.5437484 1.3749995 0.5752445 0 P 0
L 1.3775657 0.5905509 1.3775657 0.622047 0 P 0
L 1.3775657 0.5905509 1.4460695 0.5905509 0 P 0
L 1.3775657 0.622047 1.4460695 0.622047 0 P 0
L 1.3775657 0.6338793 1.4460695 0.6338793 0 P 0
L 1.3775657 0.6338794 1.3775657 0.6653755 0 P 0
L 1.3775657 0.6653755 1.4460695 0.6653755 0 P 0
L 1.3775657 0.6791334 1.4460695 0.6791334 0 P 0
L 1.3775657 0.6791335 1.3775657 0.7106296 0 P 0
L 1.3775657 0.7106295 1.4460695 0.7106295 0 P 0
L 1.398976 1.3675981 1.398976 1.4361019 0 P 0
L 1.4460695 0.5905508 1.4460695 0.6220469 0 P 0
L 1.4460695 0.6338793 1.4460695 0.6653754 0 P 0
L 1.4460695 0.6791334 1.4460695 0.7106295 0 P 0
L 1.4531659 0.4173227 1.4531659 0.7244093 1 P 0
L 1.4531659 0.4173227 2.3901737 0.4173227 1 P 0
L 1.4531659 0.7244093 2.3901737 0.7244093 1 P 0
L 1.4531659 1.4015747 1.4531659 1.7086613 1 P 0
L 1.4531659 1.4015747 2.3901737 1.4015747 1 P 0
L 1.4531659 1.7086613 2.3901737 1.7086613 1 P 0
L 1.4683958 0.8583705 1.5368996 0.8583705 0 P 0
L 1.4683958 0.8583706 1.4683958 0.8898667 0 P 0
L 1.4683958 0.8898666 1.5368996 0.8898666 0 P 0
L 1.4687268 0.9087491 1.4687268 0.9772529 0 P 0
L 1.4687268 0.9087491 1.5002229 0.9087491 0 P 0
L 1.4687268 1.0653329 1.4687268 1.1338367 0 P 0
L 1.4687268 1.0653329 1.5002229 1.0653329 0 P 0
L 1.4687269 0.9772529 1.500223 0.9772529 0 P 0
L 1.4687269 1.1338367 1.500223 1.1338367 0 P 0
L 1.4691935 0.7319388 1.5376973 0.7319388 0 P 0
L 1.4691935 0.7319389 1.4691935 0.763435 0 P 0
L 1.4691935 0.763435 1.5376973 0.763435 0 P 0
L 1.4691935 0.7742382 1.5376973 0.7742382 0 P 0
L 1.4691935 0.7742383 1.4691935 0.8057344 0 P 0
L 1.4691935 0.8057344 1.5376973 0.8057344 0 P 0
L 1.4691935 0.8147552 1.5376973 0.8147552 0 P 0
L 1.4691935 0.8147553 1.4691935 0.8462514 0 P 0
L 1.4691935 0.8462514 1.5376973 0.8462514 0 P 0
L 1.500223 0.9087491 1.500223 0.9772529 0 P 0
L 1.500223 1.0653329 1.500223 1.1338367 0 P 0
L 1.5092327 0.9087491 1.5092327 0.9772529 0 P 0
L 1.5092327 0.9087491 1.5407288 0.9087491 0 P 0
L 1.5092328 0.9772529 1.5407289 0.9772529 0 P 0
L 1.513233 1.0653329 1.513233 1.1338367 0 P 0
L 1.513233 1.0653329 1.5447291 1.0653329 0 P 0
L 1.5132331 1.1338367 1.5447292 1.1338367 0 P 0
L 1.5368996 0.8583705 1.5368996 0.8898666 0 P 0
L 1.5376973 0.7319388 1.5376973 0.7634349 0 P 0
L 1.5376973 0.7742382 1.5376973 0.8057343 0 P 0
L 1.5376973 0.8147552 1.5376973 0.8462513 0 P 0
L 1.5407288 0.9087491 1.5407288 0.9772529 0 P 0
L 1.5447291 1.0653329 1.5447291 1.1338367 0 P 0
L 1.5523496 0.9089158 1.5523496 0.9774196 0 P 0
L 1.5523496 0.9089158 1.5838457 0.9089158 0 P 0
L 1.5523497 0.9774196 1.5838458 0.9774196 0 P 0
L 1.5544082 1.0653329 1.5544082 1.1338367 0 P 0
L 1.5544082 1.0653329 1.5859043 1.0653329 0 P 0
L 1.5544083 1.1338367 1.5859044 1.1338367 0 P 0
L 1.5637803 0.3345272 1.6322841 0.3345272 0 P 0
L 1.5637803 0.3345273 1.5637803 0.3660234 0 P 0
L 1.5637803 0.3660234 1.6322841 0.3660234 0 P 0
L 1.5637863 0.2959165 1.5637863 0.3274126 0 P 0
L 1.5637863 0.2959165 1.6322901 0.2959165 0 P 0
L 1.5637863 0.3274126 1.6322901 0.3274126 0 P 0
L 1.5638885 0.3735704 1.6323923 0.3735704 0 P 0
L 1.5638885 0.3735705 1.5638885 0.4050666 0 P 0
L 1.5638885 0.4050666 1.6323923 0.4050666 0 P 0
L 1.5838458 0.9089158 1.5838458 0.9774196 0 P 0
L 1.5859044 1.0653329 1.5859044 1.1338367 0 P 0
L 1.5935637 0.9089158 1.5935637 0.9774196 0 P 0
L 1.5935637 0.9089158 1.6250598 0.9089158 0 P 0
L 1.5935638 0.9774196 1.6250599 0.9774196 0 P 0
L 1.5936674 1.0653329 1.6251635 1.0653329 0 P 0
L 1.5936675 1.0653329 1.5936675 1.1338367 0 P 0
L 1.5936675 1.1338367 1.6251636 1.1338367 0 P 0
L 1.6250598 0.9089158 1.6250598 0.9774196 0 P 0
L 1.6251636 1.0653329 1.6251636 1.1338367 0 P 0
L 1.631784 0.9089158 1.631784 0.9774196 0 P 0
L 1.631784 0.9089158 1.6632801 0.9089158 0 P 0
L 1.6317841 0.9774196 1.6632802 0.9774196 0 P 0
L 1.6322841 0.3345272 1.6322841 0.3660233 0 P 0
L 1.6322901 0.2959164 1.6322901 0.3274125 0 P 0
L 1.6323923 0.3735704 1.6323923 0.4050665 0 P 0
L 1.6341281 1.0653329 1.6341281 1.1338367 0 P 0
L 1.6341281 1.0653329 1.6656242 1.0653329 0 P 0
L 1.6341282 1.1338367 1.6656243 1.1338367 0 P 0
L 1.6632802 0.9089158 1.6632802 0.9774196 0 P 0
L 1.6656243 1.0653329 1.6656243 1.1338367 0 P 0
L 1.6991346 0.3345272 1.7676384 0.3345272 0 P 0
L 1.6991346 0.3345273 1.6991346 0.3660234 0 P 0
L 1.6991346 0.3660234 1.7676384 0.3660234 0 P 0
L 1.6991511 0.3743073 1.6991511 0.4058034 0 P 0
L 1.6991511 0.3743073 1.7676549 0.3743073 0 P 0
L 1.6991511 0.4058034 1.7676549 0.4058034 0 P 0
L 1.7484415 1.289842 1.7484415 1.3583458 0 P 0
L 1.7484415 1.289842 1.7799376 1.289842 0 P 0
L 1.7484416 1.3583458 1.7799377 1.3583458 0 P 0
L 1.748665 0.9837702 1.8171688 0.9837702 0 P 0
L 1.748665 0.9837703 1.748665 1.0152664 0 P 0
L 1.748665 1.0152664 1.8171688 1.0152664 0 P 0
L 1.7676384 0.3345272 1.7676384 0.3660233 0 P 0
L 1.7676549 0.3743072 1.7676549 0.4058033 0 P 0
L 1.7799377 1.289842 1.7799377 1.3583458 0 P 0
L 1.7851688 1.020542 1.7851688 1.0890458 0 P 0
L 1.7851688 1.020542 1.8166649 1.020542 0 P 0
L 1.7851689 1.0890458 1.816665 1.0890458 0 P 0
L 1.7878116 1.2898422 1.7878116 1.358346 0 P 0
L 1.7878116 1.2898422 1.8193077 1.2898422 0 P 0
L 1.7878117 1.358346 1.8193078 1.358346 0 P 0
L 1.8070797 0.7345242 1.8070797 0.803028 0 P 0
L 1.8070797 0.7345242 1.8385758 0.7345242 0 P 0
L 1.8070798 0.803028 1.8385759 0.803028 0 P 0
L 1.8166649 1.020542 1.8166649 1.0890458 0 P 0
L 1.8171688 0.9837702 1.8171688 1.0152663 0 P 0
L 1.8193078 1.2898422 1.8193078 1.358346 0 P 0
L 1.8234209 0.9639272 1.8234209 1.1056592 1 P 0
L 1.8234209 0.9639272 1.9887749 0.9639272 1 P 0
L 1.8234209 1.1056592 1.9887749 1.1056592 1 P 0
L 1.8271816 1.2898422 1.8271816 1.358346 0 P 0
L 1.8271816 1.2898422 1.8586777 1.2898422 0 P 0
L 1.8271817 1.358346 1.8586778 1.358346 0 P 0
L 1.8385759 0.7345242 1.8385759 0.803028 0 P 0
L 1.8484651 0.7334788 1.8484651 0.8019826 0 P 0
L 1.8484651 0.7334788 1.8799612 0.7334788 0 P 0
L 1.8484652 0.8019826 1.8799613 0.8019826 0 P 0
L 1.8586778 1.2898422 1.8586778 1.358346 0 P 0
L 1.8665517 1.2898422 1.8665517 1.358346 0 P 0
L 1.8665517 1.2898422 1.8980478 1.2898422 0 P 0
L 1.8665518 1.358346 1.8980479 1.358346 0 P 0
L 1.8799613 0.7334788 1.8799613 0.8019826 0 P 0
L 1.8864129 1.0347932 1.9257829 1.0347932 1 P 0
L 1.8898473 0.3356965 1.8898473 0.4042003 0 P 0
L 1.8898473 0.3356965 1.9213434 0.3356965 0 P 0
L 1.8898474 0.4042003 1.9213435 0.4042003 0 P 0
L 1.8980479 1.2898422 1.8980479 1.358346 0 P 0
L 1.9019849 0.5708661 1.9413549 0.5708661 1 P 0
L 1.9019849 1.5551181 1.9413549 1.5551181 1 P 0
L 1.9059218 1.2898422 1.9059218 1.358346 0 P 0
L 1.9059218 1.2898422 1.9374179 1.2898422 0 P 0
L 1.9059219 1.358346 1.937418 1.358346 0 P 0
L 1.9060969 1.0151092 1.9060969 1.0544792 1 P 0
L 1.9213435 0.3356965 1.9213435 0.4042003 0 P 0
L 1.9216699 0.5511811 1.9216699 0.5905511 1 P 0
L 1.9216699 1.5354331 1.9216699 1.5748031 1 P 0
L 1.937418 1.2898422 1.937418 1.358346 0 P 0
L 1.937493 0.3356965 1.937493 0.4042003 0 P 0
L 1.937493 0.3356965 1.9689891 0.3356965 0 P 0
L 1.9374931 0.4042003 1.9689892 0.4042003 0 P 0
L 1.9689892 0.3356965 1.9689892 0.4042003 0 P 0
L 1.9841376 0.3356965 1.9841376 0.4042003 0 P 0
L 1.9841376 0.3356965 2.0156337 0.3356965 0 P 0
L 1.9841377 0.4042003 2.0156338 0.4042003 0 P 0
L 1.9887749 0.9639272 1.9887749 1.1056592 1 P 0
L 2.0127407 1.0369514 2.0812445 1.0369514 0 P 0
L 2.0127407 1.0369515 2.0127407 1.0684476 0 P 0
L 2.0127407 1.0684476 2.0812445 1.0684476 0 P 0
L 2.0137395 0.9963833 2.0137395 1.0278794 0 P 0
L 2.0137395 0.9963833 2.0822433 0.9963833 0 P 0
L 2.0137395 1.0278794 2.0822433 1.0278794 0 P 0
L 2.0156338 0.3356965 2.0156338 0.4042003 0 P 0
L 2.0276426 0.3356965 2.0276426 0.4042003 0 P 0
L 2.0276426 0.3356965 2.0591387 0.3356965 0 P 0
L 2.0276427 0.4042003 2.0591388 0.4042003 0 P 0
L 2.0591388 0.3356965 2.0591388 0.4042003 0 P 0
L 2.0812445 1.0369514 2.0812445 1.0684475 0 P 0
L 2.0822433 0.9963832 2.0822433 1.0278793 0 P 0
L 2.0830872 0.7323716 2.0830872 0.8008754 0 P 0
L 2.0830872 0.7323716 2.1145833 0.7323716 0 P 0
L 2.0830873 0.8008754 2.1145834 0.8008754 0 P 0
L 2.1027722 0.3031646 2.1027722 0.3716684 0 P 0
L 2.1027722 0.3031646 2.1342683 0.3031646 0 P 0
L 2.1027723 0.3716684 2.1342684 0.3716684 0 P 0
L 2.1145834 0.7323716 2.1145834 0.8008754 0 P 0
L 2.1342684 0.3031646 2.1342684 0.3716684 0 P 0
L 2.181243 1.326558 2.181243 1.3950618 0 P 0
L 2.181243 1.326558 2.2127391 1.326558 0 P 0
L 2.1812431 1.3950618 2.2127392 1.3950618 0 P 0
L 2.2012447 1.7207323 2.2012447 1.7892361 0 P 0
L 2.2012447 1.7207323 2.2327408 1.7207323 0 P 0
L 2.2012448 1.7892361 2.2327409 1.7892361 0 P 0
L 2.2127392 1.326558 2.2127392 1.3950618 0 P 0
L 2.223229 0.3031493 2.223229 0.3716531 0 P 0
L 2.223229 0.3031493 2.2547251 0.3031493 0 P 0
L 2.2232291 0.3716531 2.2547252 0.3716531 0 P 0
L 2.2327409 1.7207323 2.2327409 1.7892361 0 P 0
L 2.2547252 0.3031493 2.2547252 0.3716531 0 P 0
L 2.2563156 1.7094485 2.2563156 2.0519681 1 P 0
L 2.2563156 1.7094485 2.4019848 1.7094485 1 P 0
L 2.2563156 2.0519681 2.4019848 2.0519681 1 P 0
L 2.3094652 1.8807083 2.3488352 1.8807083 1 P 0
L 2.3291502 1.8610233 2.3291502 1.9003933 1 P 0
L 2.3670445 0.4496847 2.3670445 1.2882673 1 P 0
L 2.3670445 0.4496847 2.5127137 0.4496847 1 P 0
L 2.3670445 1.2882673 2.5127137 1.2882673 1 P 0
L 2.3901737 0.4173227 2.3901737 0.7244093 1 P 0
L 2.3901737 1.4015747 2.3901737 1.7086613 1 P 0
L 2.4019848 1.7094485 2.4019848 2.0519681 1 P 0
L 2.4201941 0.868976 2.4595641 0.868976 1 P 0
L 2.4398791 0.849291 2.4398791 0.888661 1 P 0
L 2.5127137 0.4496847 2.5127137 1.2882673 1 P 0
