#Layer_Color=8388736
#
#Feature symbol names
#
$0 r0.5

#
#Feature attribute names
#

#
#Layer features
#
L 0.5109918 0.5864754 0.5109918 0.5883573 0 P 0
L 0.5109918 0.5864754 0.5110902 0.5861782 0 P 0
L 0.5109918 0.5883573 0.5110902 0.5886546 0 P 0
L 0.5109918 0.5913967 0.5109918 0.5932786 0 P 0
L 0.5109918 0.5913967 0.5110902 0.5910994 0 P 0
L 0.5109918 0.5932786 0.5110902 0.5935758 0 P 0
L 0.5109918 0.5963179 0.5109918 0.5981998 0 P 0
L 0.5109918 0.5963179 0.5110902 0.5960207 0 P 0
L 0.5109918 0.5981998 0.5110902 0.5984971 0 P 0
L 0.5109918 0.6004912 0.5109918 0.6019006 0 P 0
L 0.5109918 0.6004912 0.5110902 0.6001939 0 P 0
L 0.5109918 0.6019006 0.5110902 0.6021979 0 P 0
L 0.5109918 0.604192 0.5109918 0.6060739 0 P 0
L 0.5109918 0.604192 0.5110902 0.6038947 0 P 0
L 0.5109918 0.6060739 0.5110902 0.6063711 0 P 0
L 0.5109918 0.6083652 0.5109918 0.6097746 0 P 0
L 0.5109918 0.6083652 0.5110902 0.6080679 0 P 0
L 0.5109918 0.6097746 0.5110902 0.6100719 0 P 0
L 0.5109918 0.612066 0.5109918 0.6139479 0 P 0
L 0.5109918 0.612066 0.5110902 0.6117687 0 P 0
L 0.5109918 0.6139479 0.5110902 0.6142451 0 P 0
L 0.5109918 0.6169872 0.5109918 0.6188691 0 P 0
L 0.5109918 0.6169872 0.5110902 0.61669 0 P 0
L 0.5109918 0.6188691 0.5110902 0.6191664 0 P 0
L 0.5109918 0.6219085 0.5109918 0.6237904 0 P 0
L 0.5109918 0.6219085 0.5110902 0.6216113 0 P 0
L 0.5109918 0.6237904 0.5110902 0.6240876 0 P 0
L 0.5110902 0.5861782 0.5113284 0.58594 0 P 0
L 0.5110902 0.5886546 0.5113284 0.5888928 0 P 0
L 0.5110902 0.5910994 0.5113284 0.5908613 0 P 0
L 0.5110902 0.5935758 0.5113284 0.593814 0 P 0
L 0.5110902 0.5960207 0.5113284 0.5957825 0 P 0
L 0.5110902 0.5984971 0.5113284 0.5987353 0 P 0
L 0.5110902 0.6001939 0.5113284 0.5999557 0 P 0
L 0.5110902 0.6021979 0.5113284 0.6024361 0 P 0
L 0.5110902 0.6038947 0.5113284 0.6036565 0 P 0
L 0.5110902 0.6063711 0.5113284 0.6066093 0 P 0
L 0.5110902 0.6080679 0.5113284 0.6078298 0 P 0
L 0.5110902 0.6100719 0.5113284 0.6103101 0 P 0
L 0.5110902 0.6117687 0.5113284 0.6115305 0 P 0
L 0.5110902 0.6142451 0.5113284 0.6144833 0 P 0
L 0.5110902 0.61669 0.5113284 0.6164518 0 P 0
L 0.5110902 0.6191664 0.5113284 0.6194046 0 P 0
L 0.5110902 0.6216113 0.5113284 0.6213731 0 P 0
L 0.5110902 0.6240876 0.5113284 0.6243258 0 P 0
L 0.5113284 0.58594 0.5116257 0.5858416 0 P 0
L 0.5113284 0.5888928 0.5116257 0.5889912 0 P 0
L 0.5113284 0.5908613 0.5116257 0.5907628 0 P 0
L 0.5113284 0.593814 0.5116257 0.5939124 0 P 0
L 0.5113284 0.5957825 0.5116257 0.5956841 0 P 0
L 0.5113284 0.5987353 0.5116257 0.5988337 0 P 0
L 0.5113284 0.5999557 0.5116257 0.5998573 0 P 0
L 0.5113284 0.6024361 0.5116257 0.6025345 0 P 0
L 0.5113284 0.6036565 0.5116257 0.6035581 0 P 0
L 0.5113284 0.6066093 0.5116257 0.6067077 0 P 0
L 0.5113284 0.6078298 0.5116257 0.6077313 0 P 0
L 0.5113284 0.6103101 0.5116257 0.6104085 0 P 0
L 0.5113284 0.6115305 0.5116257 0.6114321 0 P 0
L 0.5113284 0.6144833 0.5116257 0.6145817 0 P 0
L 0.5113284 0.6164518 0.5116257 0.6163534 0 P 0
L 0.5113284 0.6194046 0.5116257 0.619503 0 P 0
L 0.5113284 0.6213731 0.5116257 0.6212746 0 P 0
L 0.5113284 0.6243258 0.5116257 0.6244242 0 P 0
L 0.5116257 0.5858416 0.5137438 0.5858416 0 P 0
L 0.5116257 0.5889912 0.5137438 0.5889912 0 P 0
L 0.5116257 0.5907628 0.5137438 0.5907628 0 P 0
L 0.5116257 0.5939124 0.5137438 0.5939124 0 P 0
L 0.5116257 0.5956841 0.5137438 0.5956841 0 P 0
L 0.5116257 0.5988337 0.5137438 0.5988337 0 P 0
L 0.5116257 0.5998573 0.5137438 0.5998573 0 P 0
L 0.5116257 0.6025345 0.5137438 0.6025345 0 P 0
L 0.5116257 0.6035581 0.5137438 0.6035581 0 P 0
L 0.5116257 0.6067077 0.5137438 0.6067077 0 P 0
L 0.5116257 0.6077313 0.5137438 0.6077313 0 P 0
L 0.5116257 0.6104085 0.5137438 0.6104085 0 P 0
L 0.5116257 0.6114321 0.5137438 0.6114321 0 P 0
L 0.5116257 0.6145817 0.5137438 0.6145817 0 P 0
L 0.5116257 0.6163534 0.5137438 0.6163534 0 P 0
L 0.5116257 0.619503 0.5137438 0.619503 0 P 0
L 0.5116257 0.6212746 0.5137438 0.6212746 0 P 0
L 0.5116257 0.6244242 0.5137438 0.6244242 0 P 0
L 0.5137438 0.5858416 0.514041 0.58594 0 P 0
L 0.5137438 0.5889912 0.514041 0.5888928 0 P 0
L 0.5137438 0.5907628 0.514041 0.5908613 0 P 0
L 0.5137438 0.5939124 0.514041 0.593814 0 P 0
L 0.5137438 0.5956841 0.514041 0.5957825 0 P 0
L 0.5137438 0.5988337 0.514041 0.5987353 0 P 0
L 0.5137438 0.5998573 0.514041 0.5999557 0 P 0
L 0.5137438 0.6025345 0.514041 0.6024361 0 P 0
L 0.5137438 0.6035581 0.514041 0.6036565 0 P 0
L 0.5137438 0.6067077 0.514041 0.6066093 0 P 0
L 0.5137438 0.6077313 0.514041 0.6078298 0 P 0
L 0.5137438 0.6104085 0.514041 0.6103101 0 P 0
L 0.5137438 0.6114321 0.514041 0.6115305 0 P 0
L 0.5137438 0.6145817 0.514041 0.6144833 0 P 0
L 0.5137438 0.6163534 0.514041 0.6164518 0 P 0
L 0.5137438 0.619503 0.514041 0.6194046 0 P 0
L 0.5137438 0.6212746 0.514041 0.6213731 0 P 0
L 0.5137438 0.6244242 0.514041 0.6243258 0 P 0
L 0.514041 0.58594 0.5142792 0.5861782 0 P 0
L 0.514041 0.5888928 0.5142792 0.5886546 0 P 0
L 0.514041 0.5908613 0.5142792 0.5910994 0 P 0
L 0.514041 0.593814 0.5142792 0.5935758 0 P 0
L 0.514041 0.5957825 0.5142792 0.5960207 0 P 0
L 0.514041 0.5987353 0.5142792 0.5984971 0 P 0
L 0.514041 0.5999557 0.5142792 0.6001939 0 P 0
L 0.514041 0.6024361 0.5142792 0.6021979 0 P 0
L 0.514041 0.6036565 0.5142792 0.6038947 0 P 0
L 0.514041 0.6066093 0.5142792 0.6063711 0 P 0
L 0.514041 0.6078298 0.5142792 0.6080679 0 P 0
L 0.514041 0.6103101 0.5142792 0.6100719 0 P 0
L 0.514041 0.6115305 0.5142792 0.6117687 0 P 0
L 0.514041 0.6144833 0.5142792 0.6142451 0 P 0
L 0.514041 0.6164518 0.5142792 0.61669 0 P 0
L 0.514041 0.6194046 0.5142792 0.6191664 0 P 0
L 0.514041 0.6213731 0.5142792 0.6216113 0 P 0
L 0.514041 0.6243258 0.5142792 0.6240876 0 P 0
L 0.5142792 0.5861782 0.5143776 0.5864754 0 P 0
L 0.5142792 0.5886546 0.5143776 0.5883573 0 P 0
L 0.5142792 0.5910994 0.5143776 0.5913967 0 P 0
L 0.5142792 0.5935758 0.5143776 0.5932786 0 P 0
L 0.5142792 0.5960207 0.5143776 0.5963179 0 P 0
L 0.5142792 0.5984971 0.5143776 0.5981998 0 P 0
L 0.5142792 0.6001939 0.5143776 0.6004912 0 P 0
L 0.5142792 0.6021979 0.5143776 0.6019006 0 P 0
L 0.5142792 0.6038947 0.5143776 0.604192 0 P 0
L 0.5142792 0.6063711 0.5143776 0.6060739 0 P 0
L 0.5142792 0.6080679 0.5143776 0.6083652 0 P 0
L 0.5142792 0.6100719 0.5143776 0.6097746 0 P 0
L 0.5142792 0.6117687 0.5143776 0.612066 0 P 0
L 0.5142792 0.6142451 0.5143776 0.6139479 0 P 0
L 0.5142792 0.61669 0.5143776 0.6169872 0 P 0
L 0.5142792 0.6191664 0.5143776 0.6188691 0 P 0
L 0.5142792 0.6216113 0.5143776 0.6219085 0 P 0
L 0.5142792 0.6240876 0.5143776 0.6237904 0 P 0
L 0.5143776 0.5864754 0.5143776 0.5883573 0 P 0
L 0.5143776 0.5913967 0.5143776 0.5932786 0 P 0
L 0.5143776 0.5963179 0.5143776 0.5981998 0 P 0
L 0.5143776 0.6004912 0.5143776 0.6019006 0 P 0
L 0.5143776 0.604192 0.5143776 0.6060739 0 P 0
L 0.5143776 0.6083652 0.5143776 0.6097746 0 P 0
L 0.5143776 0.612066 0.5143776 0.6139479 0 P 0
L 0.5143776 0.6169872 0.5143776 0.6188691 0 P 0
L 0.5143776 0.6219085 0.5143776 0.6237904 0 P 0
L 0.5605194 0.5864754 0.5605194 0.5883573 0 P 0
L 0.5605194 0.5864754 0.5606178 0.5861782 0 P 0
L 0.5605194 0.5883573 0.5606178 0.5886546 0 P 0
L 0.5605194 0.5913967 0.5605194 0.5932786 0 P 0
L 0.5605194 0.5913967 0.5606178 0.5910994 0 P 0
L 0.5605194 0.5932786 0.5606178 0.5935758 0 P 0
L 0.5605194 0.5963179 0.5605194 0.5981998 0 P 0
L 0.5605194 0.5963179 0.5606178 0.5960207 0 P 0
L 0.5605194 0.5981998 0.5606178 0.5984971 0 P 0
L 0.5605194 0.6004912 0.5605194 0.6019006 0 P 0
L 0.5605194 0.6004912 0.5606178 0.6001939 0 P 0
L 0.5605194 0.6019006 0.5606178 0.6021979 0 P 0
L 0.5605194 0.604192 0.5605194 0.6060739 0 P 0
L 0.5605194 0.604192 0.5606178 0.6038947 0 P 0
L 0.5605194 0.6060739 0.5606178 0.6063711 0 P 0
L 0.5605194 0.6083652 0.5605194 0.6097746 0 P 0
L 0.5605194 0.6083652 0.5606178 0.6080679 0 P 0
L 0.5605194 0.6097746 0.5606178 0.6100719 0 P 0
L 0.5605194 0.612066 0.5605194 0.6139479 0 P 0
L 0.5605194 0.612066 0.5606178 0.6117687 0 P 0
L 0.5605194 0.6139479 0.5606178 0.6142451 0 P 0
L 0.5606178 0.5861782 0.560856 0.58594 0 P 0
L 0.5606178 0.5886546 0.560856 0.5888928 0 P 0
L 0.5606178 0.5910994 0.560856 0.5908613 0 P 0
L 0.5606178 0.5935758 0.560856 0.593814 0 P 0
L 0.5606178 0.5960207 0.560856 0.5957825 0 P 0
L 0.5606178 0.5984971 0.560856 0.5987353 0 P 0
L 0.5606178 0.6001939 0.560856 0.5999557 0 P 0
L 0.5606178 0.6021979 0.560856 0.6024361 0 P 0
L 0.5606178 0.6038947 0.560856 0.6036565 0 P 0
L 0.5606178 0.6063711 0.560856 0.6066093 0 P 0
L 0.5606178 0.6080679 0.560856 0.6078298 0 P 0
L 0.5606178 0.6100719 0.560856 0.6103101 0 P 0
L 0.5606178 0.6117687 0.560856 0.6115305 0 P 0
L 0.5606178 0.6142451 0.560856 0.6144833 0 P 0
L 0.560856 0.58594 0.5611532 0.5858416 0 P 0
L 0.560856 0.5888928 0.5611532 0.5889912 0 P 0
L 0.560856 0.5908613 0.5611532 0.5907628 0 P 0
L 0.560856 0.593814 0.5611532 0.5939124 0 P 0
L 0.560856 0.5957825 0.5611532 0.5956841 0 P 0
L 0.560856 0.5987353 0.5611532 0.5988337 0 P 0
L 0.560856 0.5999557 0.5611532 0.5998573 0 P 0
L 0.560856 0.6024361 0.5611532 0.6025345 0 P 0
L 0.560856 0.6036565 0.5611532 0.6035581 0 P 0
L 0.560856 0.6066093 0.5611532 0.6067077 0 P 0
L 0.560856 0.6078298 0.5611532 0.6077313 0 P 0
L 0.560856 0.6103101 0.5611532 0.6104085 0 P 0
L 0.560856 0.6115305 0.5611532 0.6114321 0 P 0
L 0.560856 0.6144833 0.5611532 0.6145817 0 P 0
L 0.5611532 0.5858416 0.5632713 0.5858416 0 P 0
L 0.5611532 0.5889912 0.5632713 0.5889912 0 P 0
L 0.5611532 0.5907628 0.5632713 0.5907628 0 P 0
L 0.5611532 0.5939124 0.5632713 0.5939124 0 P 0
L 0.5611532 0.5956841 0.5632713 0.5956841 0 P 0
L 0.5611532 0.5988337 0.5632713 0.5988337 0 P 0
L 0.5611532 0.5998573 0.5632713 0.5998573 0 P 0
L 0.5611532 0.6025345 0.5632713 0.6025345 0 P 0
L 0.5611532 0.6035581 0.5632713 0.6035581 0 P 0
L 0.5611532 0.6067077 0.5632713 0.6067077 0 P 0
L 0.5611532 0.6077313 0.5632713 0.6077313 0 P 0
L 0.5611532 0.6104085 0.5632713 0.6104085 0 P 0
L 0.5611532 0.6114321 0.5632713 0.6114321 0 P 0
L 0.5611532 0.6145817 0.5632713 0.6145817 0 P 0
L 0.5632713 0.5858416 0.5635686 0.58594 0 P 0
L 0.5632713 0.5889912 0.5635686 0.5888928 0 P 0
L 0.5632713 0.5907628 0.5635686 0.5908613 0 P 0
L 0.5632713 0.5939124 0.5635686 0.593814 0 P 0
L 0.5632713 0.5956841 0.5635686 0.5957825 0 P 0
L 0.5632713 0.5988337 0.5635686 0.5987353 0 P 0
L 0.5632713 0.5998573 0.5635686 0.5999557 0 P 0
L 0.5632713 0.6025345 0.5635686 0.6024361 0 P 0
L 0.5632713 0.6035581 0.5635686 0.6036565 0 P 0
L 0.5632713 0.6067077 0.5635686 0.6066093 0 P 0
L 0.5632713 0.6077313 0.5635686 0.6078298 0 P 0
L 0.5632713 0.6104085 0.5635686 0.6103101 0 P 0
L 0.5632713 0.6114321 0.5635686 0.6115305 0 P 0
L 0.5632713 0.6145817 0.5635686 0.6144833 0 P 0
L 0.5635686 0.58594 0.5638068 0.5861782 0 P 0
L 0.5635686 0.5888928 0.5638068 0.5886546 0 P 0
L 0.5635686 0.5908613 0.5638068 0.5910994 0 P 0
L 0.5635686 0.593814 0.5638068 0.5935758 0 P 0
L 0.5635686 0.5957825 0.5638068 0.5960207 0 P 0
L 0.5635686 0.5987353 0.5638068 0.5984971 0 P 0
L 0.5635686 0.5999557 0.5638068 0.6001939 0 P 0
L 0.5635686 0.6024361 0.5638068 0.6021979 0 P 0
L 0.5635686 0.6036565 0.5638068 0.6038947 0 P 0
L 0.5635686 0.6066093 0.5638068 0.6063711 0 P 0
L 0.5635686 0.6078298 0.5638068 0.6080679 0 P 0
L 0.5635686 0.6103101 0.5638068 0.6100719 0 P 0
L 0.5635686 0.6115305 0.5638068 0.6117687 0 P 0
L 0.5635686 0.6144833 0.5638068 0.6142451 0 P 0
L 0.5638068 0.5861782 0.5639052 0.5864754 0 P 0
L 0.5638068 0.5886546 0.5639052 0.5883573 0 P 0
L 0.5638068 0.5910994 0.5639052 0.5913967 0 P 0
L 0.5638068 0.5935758 0.5639052 0.5932786 0 P 0
L 0.5638068 0.5960207 0.5639052 0.5963179 0 P 0
L 0.5638068 0.5984971 0.5639052 0.5981998 0 P 0
L 0.5638068 0.6001939 0.5639052 0.6004912 0 P 0
L 0.5638068 0.6021979 0.5639052 0.6019006 0 P 0
L 0.5638068 0.6038947 0.5639052 0.604192 0 P 0
L 0.5638068 0.6063711 0.5639052 0.6060739 0 P 0
L 0.5638068 0.6080679 0.5639052 0.6083652 0 P 0
L 0.5638068 0.6100719 0.5639052 0.6097746 0 P 0
L 0.5638068 0.6117687 0.5639052 0.612066 0 P 0
L 0.5638068 0.6142451 0.5639052 0.6139479 0 P 0
L 0.5639052 0.5864754 0.5639052 0.5883573 0 P 0
L 0.5639052 0.5913967 0.5639052 0.5932786 0 P 0
L 0.5639052 0.5963179 0.5639052 0.5981998 0 P 0
L 0.5639052 0.6004912 0.5639052 0.6019006 0 P 0
L 0.5639052 0.604192 0.5639052 0.6060739 0 P 0
L 0.5639052 0.6083652 0.5639052 0.6097746 0 P 0
L 0.5639052 0.612066 0.5639052 0.6139479 0 P 0
